9565
9552
9542
9531
9521
9510
9500
9489
9479
9469
9458
9448
9437
9427
9416
9406
9395
9385
9374
9364
9353
9343
9332
9322
9311
8856
8846
8835
8825
8814
8804
8793
8783
8772
8762
8751
8741
8730
8720
8709
8699
8688
8678
8667
8657
8646
8636
8625
8615
8604
8327
8317
8306
8296
8285
8275
8264
8253
8243
8232
8222
8211
8201
8190
8180
8169
8159
8148
8138
8127
8117
8106
8096
8086
8075
7672
7661
7651
7640
7630
7620
7609
7599
7588
7578
7567
7557
7546
7536
7525
7514
7504
7493
7483
7472
7462
7451
7418
7413
7402
6987
6976
6966
6955
6945
6934
6924
6913
6903
6892
6882
6871
6861
6850
6840
6829
6819
6808
6798
6787
6777
6766
6756
6745
6734
6319
6308
6298
6288
6277
6267
6256
6245
6235
6224
6214
6203
6192
6183
6172
6162
6151
6141
6130
6119
6109
6098
6088
6077
6066
5645
5635
5624
5614
5603
5593
5582
5570
5560
5549
5539
5528
5517
5507
5496
5486
5475
5465
5454
5444
5433
5423
5412
5401
5392
4944
4933
4923
4912
4902
4891
4881
4870
4860
4850
4839
4830
4819
4809
4798
4788
4777
4767
4756
4746
4735
4725
4714
4704
4693
4260
4250
4239
4229
4218
4208
4197
4187
4176
4166
4155
4145
4134
4124
4113
4103
4092
4082
4071
4061
4050
4040
4029
4019
4008
3606
3597
3586
3577
3566
3556
3546
3535
3524
3514
3503
3494
3483
3473
3462
3452
3441
3431
3420
3410
3399
3389
3378
3368
3357
2898
2887
2877
2866
2836
2825
2815
2804
2794
2783
2773
2762
2752
2741
2731
2720
2709
2699
2688
2677
2666
2655
2646
2635
2625
2170
2159
2149
2138
2128
2117
2107
2096
2086
2075
2065
2054
2044
2033
2023
2012
2002
1991
1981
1970
1960
1949
1939
1929
1918
1632
1621
1611
1600
1590
1579
1569
1558
1548
1537
1527
1515
1504
1494
1483
1473
1462
1452
1441
1431
1420
1410
1399
1389
1378
932
921
911
900
889
880
869
859
848
838
827
817
806
796
785
775
764
754
743
732
722
711
701
690
680
10150
10139
10128
10118
10107
10097
10086
10076
10065
10055
10044
10033
10023
10012
10002
9991
9981
9970
9960
9949
9938
9929
9918
9908
9897
9490
9479
9468
9457
9446
9436
9425
9415
9404
9394
9383
9373
9362
9351
9341
9330
9320
9309
9299
9288
9278
9267
9257
9246
9236
8826
8815
8805
8794
8784
8773
8763
8752
8742
8731
8721
8710
8700
8689
8679
8668
8658
8647
8637
8626
8616
8605
8594
8584
8573
8128
8117
8106
8096
8085
8075
8064
8054
8043
8033
8022
8012
8001
7991
7980
7970
7959
7949
7938
7928
7917
7907
7897
7886
7877
7397
7386
7376
7365
7354
7344
7333
7323
7312
7302
7291
7281
7270
7259
7250
7239
7229
7218
7208
7196
7186
7176
7165
7155
7144
6695
6685
6674
6664
6653
6643
6632
6621
6611
6600
6586
6576
6565
6554
6544
6533
6522
6512
6501
6491
6481
6470
6460
6449
6439
6002
5991
5982
5971
5959
5950
5940
5929
5918
5908
5897
5887
5876
5866
5849
5838
5828
5817
5807
5796
5786
5775
5764
5754
5743
5305
5295
5284
5273
5262
5252
5241
5230
5220
5209
5199
5188
5177
5166
5156
5145
5134
5124
5111
5101
5090
5080
5069
5059
5048
4571
4561
4550
4539
4529
4518
4507
4498
4487
4477
4466
4455
4445
4434
4423
4413
4402
4392
4381
4370
4360
4349
4338
4328
4317
3873
3862
3852
3841
3830
3820
3809
3798
3788
3777
3766
3757
3746
3736
3725
3715
3704
3693
3683
3672
3662
3651
3641
3631
3620
3146
3137
3126
3116
3105
3095
3084
3074
3063
3053
3042
3031
3022
3011
3001
2990
2980
2969
2959
2948
2938
2927
2916
2906
2895
2431
2420
2410
2399
2389
2378
2368
2357
2347
2336
2322
2311
2301
2290
2280
2269
2258
2248
2237
2227
2216
2206
2195
2185
2174
1709
1698
1689
1679
1668
1658
1647
1637
1626
1616
1605
1595
1584
1574
1563
1553
1542
1532
1521
1510
1500
1486
1476
1465
1455
8132
8123
8113
8102
8092
8081
8071
8060
8050
8039
8029
8018
8008
7997
7987
7976
7966
7955
7945
7934
7924
7913
7903
7892
7882
7407
7397
7386
7376
7365
7355
7344
7334
7323
7313
7302
7292
7281
7271
7260
7250
7239
7228
7218
7207
7197
7186
7176
7165
7155
6687
6676
6666
6655
6645
6634
6624
6613
6603
6592
6582
6571
6561
6550
6539
6529
6518
6508
6497
6487
6477
6466
6456
6445
6434
5911
5902
5891
5881
5870
5860
5849
5840
5829
5819
5808
5798
5787
5777
5766
5756
5745
5735
5724
5714
5703
5693
5682
5672
5661
5172
5162
5151
5141
5130
5118
5107
5097
5086
5076
5065
5055
5044
5034
5023
5013
5002
4988
4968
4949
4939
4928
4918
4907
4898
4328
4317
4307
4296
4286
4275
4265
4254
4243
4233
4222
4212
4201
4191
4180
4170
4159
4149
4138
4128
4117
4107
4092
4081
4071
3762
3752
3741
3731
3720
3710
3699
3689
3678
3668
3657
3648
3637
3627
3616
3607
3596
3587
3576
3566
3555
3545
3534
3524
3513
3016
3006
2996
2985
2974
2964
2953
2943
2932
2922
2911
2901
2890
2880
2868
2858
2848
2837
2827
2816
2806
2795
2785
2774
2764
2250
2240
2229
2219
2206
2196
2186
2175
2165
2154
2144
2133
2123
2112
2102
2091
2081
2070
2060
2049
2039
2028
2018
2007
1997
1585
1575
1564
1554
1543
1533
1522
1512
1501
1492
1481
1471
1460
1450
1438
1427
1416
1406
1395
1385
1374
1364
1353
1343
1332
1866
1856
1845
1835
1824
1814
1803
1793
1782
1772
1761
1750
1740
1729
1719
1708
1697
1687
1676
1665
1654
1644
1633
1622
1612
1162
1151
1141
1130
1120
1109
1100
1089
1078
1068
1058
1047
1036
1026
1015
1005
994
984
973
962
953
942
932
921
909
569
558
549
538
528
517
507
496
487
476
466
456
444
434
423
413
402
392
369
358
348
337
327
316
306
9937
9928
9917
9907
9896
9886
9876
9865
9855
9844
9834
9823
9813
9802
9792
9781
9771
9760
9750
9739
9729
9718
9708
9697
9687
9248
9238
9227
9218
9208
9197
9187
9176
9166
9155
9145
9134
9124
9113
9103
9092
9082
9071
9061
9050
9040
9029
9019
9008
8997
8592
8581
8571
8560
8550
8539
8528
8519
8508
8498
8487
8477
8466
8456
8445
8434
8424
8413
8403
8392
8382
8371
8361
8350
8339
7850
7803
7793
7782
7771
7761
7750
7740
7729
7719
7708
7698
7687
7677
7666
7656
7645
7635
7624
7614
7603
7593
7582
7572
7561
7043
7032
7022
7011
7001
6990
6980
6969
6959
6948
6938
6927
6916
6907
6896
6886
6875
6865
6854
6844
6833
6824
6813
6798
6787
6446
6436
6425
6415
6404
6393
6384
6373
6363
6352
6343
6332
6322
6311
6301
6290
6280
6269
6259
6248
6237
6228
6217
6207
6196
5706
5695
5685
5674
5664
5653
5643
5632
5621
5611
5600
5589
5579
5568
5558
5530
5519
5508
5499
5488
5478
5467
5457
5446
5435
4961
4951
4940
4930
4919
4909
4898
4888
4877
4867
4856
4846
4835
4825
4814
4803
4793
4782
4773
4762
4751
4741
4730
4720
4709
4315
4305
4294
4284
4273
4263
4252
4242
4232
4221
4211
4200
4189
4179
4168
4158
4147
4137
4127
4116
4105
4095
4085
4074
4064
3678
3668
3658
3647
3637
3626
3616
3605
3595
3584
3574
3563
3553
3542
3532
3521
3511
3500
3490
3479
3469
3457
3447
3436
3426
2973
2963
2952
2942
2931
2920
2909
2900
2889
2879
2868
2859
2848
2838
2827
2817
2806
2796
2785
2775
2764
2754
2743
2733
2722
2189
2179
2168
2157
2148
2137
2127
2116
2106
2095
2085
2074
2062
2051
2041
2030
2020
2009
1998
1988
1978
1967
1957
1946
1936
1498
1488
1477
1467
1456
1446
1435
1425
1414
1404
1393
1383
1372
1362
1351
1341
1330
1320
1309
1299
1288
1278
1267
1257
1247
10006
9995
9985
9974
9964
9952
9942
9932
9921
9911
9900
9890
9879
9869
9858
9848
9837
9827
9816
9805
9794
9784
9774
9763
9753
9338
9327
9317
9306
9296
9285
9275
9264
9254
9243
9233
9222
9212
9201
9191
9180
9170
9159
9149
9138
9128
9117
9107
9096
9086
8662
8651
8641
8630
8620
8610
8598
8588
8577
8567
8556
8546
8535
8525
8515
8504
8494
8483
8472
8462
8451
8442
8431
8422
8411
8121
8110
8099
8084
8079
8068
8058
8047
8037
8026
8016
8005
7995
7984
7974
7963
7953
7943
7932
7921
7911
7902
7891
7881
7870
7435
7424
7414
7403
7393
7382
7372
7361
7351
7340
7330
7320
7309
7299
7288
7279
7268
7258
7247
7236
7226
7215
7204
7195
7184
6765
6755
6744
6734
6723
6713
6703
6692
6682
6671
6661
6650
6640
6629
6619
6609
6598
6589
6578
6568
6557
6547
6536
6526
6516
6050
6039
6029
6018
6008
5997
5986
5976
5965
5955
5944
5934
5923
5913
5902
5891
5882
5871
5861
5850
5839
5829
5818
5807
5797
5354
5343
5332
5323
5312
5302
5291
5281
5270
5260
5249
5239
5229
5218
5208
5197
5187
5176
5165
5156
5145
5136
5125
5116
5105
4667
4657
4646
4636
4626
4615
4606
4595
4585
4574
4564
4553
4543
4532
4522
4511
4501
4490
4480
4470
4459
4449
4438
4429
4418
3980
3969
3959
3948
3938
3927
3917
3906
3895
3885
3875
3864
3855
3844
3834
3823
3813
3802
3792
3781
3771
3760
3750
3739
3729
3313
3303
3292
3282
3271
3261
3250
3240
3230
3219
3209
3198
3189
3178
3168
3157
3147
3136
3126
3115
3105
3094
3084
3074
3063
2695
2686
2674
2664
2653
2643
2632
2622
2611
2601
2590
2580
2570
2559
2549
2538
2529
2518
2508
2497
2487
2476
2466
2455
2445
1996
1987
1976
1966
1955
1945
1934
1924
1913
1903
1892
1882
1871
1861
1851
1840
1830
1819
1810
1799
1789
1778
1768
1757
1747
1303
1292
1281
1270
1259
1249
1239
1228
1218
1207
1197
1186
1176
1165
1155
1145
1134
1125
1114
1104
1093
1084
1073
1063
1052
9886
9877
9866
9856
9845
9835
9824
9814
9803
9793
9782
9772
9762
9751
9740
9730
9720
9709
9699
9688
9678
9667
9657
9646
9636
9302
9292
9281
9271
9255
9243
9233
9222
9212
9201
9192
9181
9171
9160
9150
9139
9130
9119
9108
9098
9087
9077
9066
9057
9046
8588
8577