8711
9380
8162
8460
8395
8883
8009
8720
9297
8895
8191
8870
8280
8506
8438
9059
8585
8493
8807
8722
8387
8577
8702
10336
8810
9047
8611
10263
7928
9191
9004
9683
10159
9017
8146
9134
8378
10035
8217
10854
9405
8423
9123
8649
8567
8537
9348
8224
8270
9702
9477
8344
8361
10286
8297
8735
7907
8677
8508
8849
8798
8773
8765
8399
9637
10106
8676
9161
8760
10083
9414
7840
8539
8576
10216
8597
8896
10239
8840
9160
9070
9936
8110
8667
8579
8740
8675
8420
8637
10199
9549
8501
7992
9678
10001
8518
7920
8486
8204
9336