935
897
910
873
885
861
838
850
826
791
815
757
745
733
721
710
699
687
676
664
653
658
646
634
623
611
600
578
566
589
553
341
329
316
305
294
282
270
258
247
236
926
915
904
892
881
869
845
814
803
830
208
195
184
172
161
632
621
609
594
582
570
559
546
534
522
524
513
500
489
476
465
453
441
426
415
278
267
254
243
231
219
208
195
184
172
175
163
151
138
127
115
104
91
78
67
1904
1893
1881
1870
1859
1848
1837
1917
1826
1802
1801
1789
1777
1765
1753
1742
1731
1718
1707
1695
849
838
827
815
803
792
781
770
759
746
1322
1391
1310
1299
1287
1275
1263
1251
1240
1228
1046
1035
1024
1012
1000
1080
1069
1057
1046
1035
1024
1013
1001
989
978
979
968
957
944
933
272
261
249
238
227
215
204
193
182
170
1448
1437
1426
1414
1402
1391
1380
1369
1358
1346
2006
1994
1983
1972
1961
1949
1938
1927
1910
1899
1810
1799
1788
1777
1766
307
296
284
273
250
239
261
319
227
216
1630
1618
1607
1596
1585
1574
1563
1551
1540
1528
1042
1030
1019
1006
995
983
971
959
947
933
168
157
114
103
92
80
69
45
33
1517
1505
1494
1483
1656
1027
1062
1016
1005
992
981
969
958
946
934
939
927
915
904
892
881
1421
1410
1399
1387
1375
1364
1352
1339
1328
1317
1320
1309
1297
1285
1272
1261
1249
1236
1202
1183
432
419
408
396
385
373
362
351
340
329
331
320
307
284
273
261
249
238
226
215
524
502
490
479
468
360
327
338
315
304
1208
1197
1173
1162
1185
1151
1140
1117
1129
1105
640
629
652
617
606
497
508
473
484
462
450
438
427
415
404
1017
1006
995
973
984
961
950
939
916
927
1017
1141
1004
993
980
339
327
316
304
293
437
426
415
403
392
381
370
359
347
336
771
760
747
736
725
553
542
530
519
508
855
843
878
831
820
1356
1345
1333
1321
1309
1298
1287
1275
1264
1253
1258
1246
1235
1213
1224
1202
1191
1180
1169
1157
1025
1014
1059
978
1036
989
1002
967
955
944
1639
1628
1616
1605
1594
1583
1572
1561
1550
1538
878
866
851
840
829
588
576
565
552
540
1695
1684
1672
1661
1649
1638
1626
1615
1603
1591
460
449
438
425
412
401
389
377
365
354
948
937
914
902
925
891
961
879
868
856
178
167
156
144
132
121
110
99
88
76
605
593
582
570
558
547
535
524
513
502
503
491
479
468
456
444
421
410
398
387
643
632
621
610
599
587
576
565
553
542
1103
1090
1079
1066
1055
1041
1022
1010
999
988
1005
994
983
972
960
1732
1720
1708
1697
1686
1611
1600
1589
1578
1567
578
566
554
542
531
532
520
509
498
485
465
453
443
432
421
1033
1056
1078
1021
1010
507
496
484
472
459
464
454
443
432
421
409
398
387
374
362
907
963
895
884
872
861
848
836
824
812
834
810
822
798
786
774
762
751
739
727
760
747
736
724
712
794
783
771
749
737
726
714
702
760
678
1953
1930
1941
1918
1907
1895
1883
1859
1871
1835
1892
1868
1857
1846
1822
1834
1810
1798
1786
1762
831
819
807
796
785
306
295
284
228
244
217
205
194
182
171
1647
1635
1624
1613
1601
1294
1283
1272
1261
1249
1031
1018
1064
1006
994
442
431
420
409
396
213
201
189
177
165
142
130
119
154
106
1368
1357
1345
1333
1310
1322
1286
1298
1275
1263
1297
1282
1270
1258
1246
1234
1223
1211
1200
1188
224
211
200
189
177
1592
1581
1570
1557
1546
358
347
335
324
312
281
270
258
246
233
222
210
198
187
174
850
839
862
815
804
793
770
758
747
735
1013
1001
448
392
381
370
359
1206
1195
1183
1171
1160
1149
1137
1124
1113
1102
1909
1897
1885
1874
1862
1851
1839
1827
1816
1802
411
400
389
378
422
1130
1118
1107
1096
1256
336
325
313
302
290
1049
1025
1037
1014
1003
1120
1109
1096
1085
1073
1050
1038
1027
1061
1004
1712
1701
1689
1678
1666
1654
1643
1632
1621
1610
1388
1377
1365
1355
1343
1390
1379
1367
1356
1345
1333
1321
1310
1299
1275
1278
1301
1267
1256
1244
827
816
792
804
774
1029
1018
995
1007
984
972
959
949
938
926
425
412
400
389
377
365
352
341
321
310
1023
1011
1000
988
976
964
952
941
930
918
923
911
900
889
878
866
855
844
833
817
1466
1445
1433
1421
1410
1398
1386
1374
1363
1351
1354
1341
1323
1311
1299
1288
1274
1263
1251
1239
872
794
783
1059
1048
1035
1023
622
597
586
562
550
538
542
531
520
624
589
508
496
473
462
451
831
820
809
797
785
1456
1444
1413
1401
1389
1366
1354
1343
1331
1320
63
52
225
214
202
191
180
1616
1605
1593
1580
1569
1474
1430
1397
1362
1351
614
603
591
580
568
504
492
480
469
515
458
446
435
423
412
1148
1137
1126
1115
1103
1092
1080
1069
1057
1044
792
781
767
756
744
732
720
709
697
685
687
676
664
653
641
630
618
607
595
584
1077
1065
1054
1041
1030
1018
1007
996
985
974
977
965
954
943
931
919
906
895
884
873
1591
1578
1567
1555
1544
1533
1522
1511
1500
1489
1491
1480
1468
1456
1444
1431
1420
1408
1396
1384
2015
2002
1991
1980
1969
1957
1945
1932
1920
1909
1915
1904
1892
1880
1868
1857
1845
1833
1822
1811
70
59
1351
1340
1329
1318
1306
1023
1012
1001
1902
1890
1879
1868
1857
1844
1833
1822
1811
1800
231
219
208
196
185
174
162
151
138
126
1529
1516
1505
1494
1483
1456
1445
1433
1422
1409
1504
1493
1481
1470
1458
1987
1963
1940
1952
1928
654
642
631
619
597
608
583
571
559
545
314
298
286
274
263
1582
1571
1559
1547
1535
1230
1219
1207
1196
1185
655
644
633
621
610
1027
1015
1004
992
981
969
958
946
935
922
926
915
904
800
788
777
766
754
743
732
720
707
677
680
668
657
645
633
622
610
599
588
577
1022
1010
997
986
974
963
951
940
929
917
921
910
899
887
875
863
852
840
828
817
393
381
370
359
348
334
321
308
295
282
127
115
103
91
80
69
58
47
36
1480
1468
1457
1445
1433
1389
1421
1370
1330
1346
1024
1013
1002
990
979
968
956
945
934
923
925
914
903
891
880
868
816
805
792
780
769
749
738
727
716
705
1407
1396
1373
1362
1327
1316
1305
1521
1510
1498
308
297
285
274
263
934
923
911
899
888
877
865
854
842
830
1025
1013
1002
991
980
969
957
946
935
924
1602
1591
1579
1568
1557
1546
1535
1524
1513
1500
983
995
971
959
947
920
897
886
874
908
311
412
300
288
277
940
951
929
917
906
895
884
872
861
850
851
840
829
818
807
795
784
772
759
748
1230
1219
1208
1196
1184
1173
1162
1149
1138
1126
438
427
416
404
393
382
370
358
347
336
972
961
950
938
926
914
902
889
878
866
869
858
847
836
825
812
801
790
779
768
1541
1530
1519
1508
1497
400
388
377
354
366
343
332
320
309
298
702
691
679
668
656
645
634
623
612
601
604
593
582
570
558
547
536
513
502
490
993
982
971
960
948
937
925
914
903
892
891
880
869
857
846
835
823
812
801
790
1446
1434
1421
1410
1399
1388
1376
1365
1353
1342
1349
1337
1326
1314
1303
1291
1269
1258
1246
1234
1078
1067
1054
1031
1020
1043
1009
997
985
974
1750
1738
1726
1715
1703
1690
1679
1656
1644
1668
781
759
770
747
736
724
713
702
690
679
1395
1384
1373
1362
1350
1338
1326
1315
1304
1293
1225
1213
1202
1190
1178
1166
1155
1144
1132
1120
1123
1112
1101
1089
1066
1055
1044
1031
1020
1009
1487
1476
1463
1452
1441
1429
1418
1407
1396
1385
1387
1376
1364
1351
1327
1316
1304
1339
1293
1281
1235
1223
1212
1201
1190
1178
1166
1155
1143
1132
1134
1146
1120
1108
1096
1085
1074
1061
1028
1039
79
67
56
988
977
965
953
941
1806
1795
1783
1772
1760
961
950
937
926
914
903
891
880
868
825
828
809
797
786
774
763
735
722
711
700
1203
1191
1179
1167
1155
1143
1131
1119
1108
1096
523
511
499
488
477
466
455
444
433
421
1343
1331
1319
1307
1296
1285
1274
1263
1251
1239
1228
1216
1205
1194
1182
1171
1159
1148
1137
1125
1883
1872
1861
1849
1838
1825
1814
1802
1791
1778
1780
1769
1758
1747
1736
1713
1702
1690
1679
1666
537
525
513
502
490
478
467
455
443
432
1251
1239
1228
1216
1204
1192
1181
1169
1158
1147
918
906
894
883
871
422
411
400
389
377
366
354
343
331
319
1255
1244
1232
1221
1210
1198
1188
1176
1165
1154
1156
1144
1132
1108
1097
1085
1120
1074
1051
1028
366
354
342
332
320
308
298
286
275
264
324
797
775
821
832
787
1043
1023
1001
990
978
966
954
944
933
920
922
911
899
887
120
108
96
84
72
60
48
37
1497
1485
1474
1462
1449
1433
1421
1411
1387
1399
777
755
738
727
707
695
684
672
661
650
524
513
501
489
477
465
454
443
431
419
931
919
908
897
886
874
863
71
59
47
35
1771
1783
1759
1747
1735
1724
1713
1702
1690
1679
1682
1670
1659
1647
1635
1623
1613
1602
1591
1580
47
35
1241
1229
1217
1206
1194
800
788
777
766
754
1025
1014
1003
990
979
968
957
946
935
923
225
213
201
189
177
165
153
142
129
117
425
413
401
388
373
80
1677
1699
1666
1655
1688
452
441
429
418
406
496
395
384
372
1043
1030
1019
1007
995
983
972
960
948
937
939
927
904
892
867
855
915
880
843
831
161
148
136
125
114
102
91
79
68
57
751
739
728
716
705
694
683
672
660
649
428
417
405
394
382
371
359
348
337
326
330
319
307
295
280
268
255
244
233
222
579
568
556
544
533
819
808
797
784
773
285
273
262
251
239
228
217
206
195
183
185
174
163
141
152
173
161
150
139
116
105
128
94
70
59
61
50
1024
1013
1001
989
977
966
954
943
931
919
926
915
903
1577
1566
1555
1541
1526
1513
1502
1491
1479
1468
1334
1322
1311
1300
1288
1812
1800
1788
1777
1766
1755
1743
1732
1721
1710
1716
1705
1693
1682
1671
1660
1649
1637
1625
1612
1564
1553
1541
1530
1519
1472
1461
1438
1427
1416
710
698
687
676
665
653
642
631
620
609
1249
1237
1226
1215
1203
1191
1179
1167
1156
1145
412
401
390
377
365
354
342
330
317
304
584
573
561
549
538
876
864
852
840
1118
1374
1385
1362
1351
1339
1178
1167
1156
1145
1134
1123
1111
1100
1088
1077
1801
1784
1773
1761
1750
1546
1533
1522
1510
1499
1488
1476
1465
1454
1442
171
159
148
137
126
115
103
92
80
68
136
125
113
102
90
1412
1401
1389
1378
1367
1083
1071
1060
1048
1036
1734
1723
1711
1699
1688
1675
1663
1652
1639
1616
1619
1606
1595
1584
1573
1562
1551
1538
1526
1515
1173
1161
1150
1137
1184
1681
1669
1658
1646
1624
1635
1692
1601
1704
1612
927
915
904
892
881
870
858
847
836
824
710
699
688
676
665
654
632
610
597
586
592
639
581
569
558
661
547
536
524
500
557
533
545
499
511
522
475
486
463
452
455
443
430
418
407
395
383
372
360
337
1094
1106
1083
1071
1060
1046
1011
1023
1000
989
841
830
852
807
818
795
761
784
773
737
764
718
695
684
673
729
740
706
661
649
1117
1106
1094
1082
1071
1059
1047
1024
1036
1012
420
409
375
386
364
353
341
330
308
319
728
716
705
694
739
538
526
514
503
491
480
458
469
445
434
1117
1106
1095
1084
1072
1060
1037
1049
1026
1015
342
331
319
307
296
285
274
263
251
240
241
230
218
207
196
748
737
725
714
702
691
679
668
656
645
648
637
626
614
603
591
579
568
557
546
1062
1050
1039
1028
1017
1006
995
984
973
961
963
951
940
929
917
905
894
883
872
849
144
133
121
110
156
99
88
77
66
39
1163
1152
1141
1130
1118
1746
1735
1723
1712
1684
1673
1661
1649
1638
1701
949
927
904
938
915
445
434
423
412
400
495
484
540
473
462
793
782
771
760
748
1235
1224
1213
1202
1292
1863
1852
1839
1827
1816
1794
1781
1770
1758
1746
978
966
955
943
932
921
910
899
888
876
1493
1481
1470
1459
1448
1436
1425
1413
1401
1390
681
670
659
648
637
626
604
615
593
580
1022
1011
1000
1102
989
1286
1275
1264
1253
1242
1802
1781
1770
1758
1746
1735
1721
1710
1697
1686
562
551
539
527
515
504
491
480
468
456
841
736
795
725
713
2014
2002
1990
1978
1966
1954
1930
1941
1917
1906
544
533
522
511
500
488
477
464
453
441
702
690
679
668
656
622
610
599
577
566
555
544
532
521
588
1103
1092
1080
1058
1047
1069
1036
1025
1014
1003
1934
1922
1911
1899
1888
1875
1864
1853
1841
1830
1830
1818
1807
1796
1785
1774
1763
1752
1740
1729
1669
1657
1646
1635
1738
434
423
412
401
390
379
356
345
333
367