[9130
,8736
,8653
,8953
,8886
,8951
,8878
,9254
,9350
,8599
,8480
,8635
,9280
,8489
,8995
,9336
,8373
,9266
,9076
,9350
,8846
,9180
,9115
,8395
,8978
,8997
,9038
,8781
,10324
,9013
,9178
,8742
,9017
,8824
,9164
,8900
,8921
,9144
,8909
,9075
,9287
,8911
,8855
,8881
,8702
,8488
,9121
,9333
,8670
,9251
,9313
,8807
,8958
,8972
,8518
,9333
,9120
,9191
,8794
,8479
,8553
,8733
,9405
,8580
,8616
,9821
,8517
,9245
,8386
,8535
,8555
,8367
,8609
,8676
,8847
,9210
,8646
,8494
,8619
,8954
,8451
,9132
,9281
,8864
,9181
,8475
,8718
,8579
,8599
,9252
,8750
,9001
,8383
,8711
,8802
,8414
,9601
,8482
,8520
,8995
,8355
,8607
,9196
,8947]