[1406
,1459
,1621
,979
,8907
,1130
,8815
,1258
,2769
,1276
,999
,8234
,8248
,1023
,8734
,929
,1150
,8400
,8886
,1468
,8612
,1511
,8519
,819
,1044
,9169
,1685
,1003
,1017
,1882
,2605
,9461
,8411
,8571
,8179
,8892
,1562
,8352
,8737
,8187
,877
,8759
,8414
,1838
,1487
,1739
,9761
,950
,953
,1707
,8654
,1230
,1538
,8955
,8521
,1515
,931
,865
,8175
,8115
,965
,8625
,1774
,8301
,8339
,1132
,9176
,8806
,1199
,8704
,844
,1527
,1443
,1318
,8064
,8887
,1279
,8543
,1567
,1232
,1472
,1035
,8772
,1370
,1485
,1132
,1760
,1697
,9112
,1251
,8826
,8158
,8416
,8782
,916
,8877
,1231
,768
,8763
,8732
,8734
,995
,8587
,1621
,1284
,1221
,1381
,8694
,1034
,1719
,8288
,1281
,992
,8304
,1312
,848
,1242
,8469
,8476
,1380
,1433
,1232
,9005
,1589
,8568
,8809
,8413
,9137
,1749
,8792
,1671
,8350
,1622
,8778
,8513
,9005
,8780
,1125
,8133
,9129
,8531
,868
,1658
,1329
,8958
,1086
,1366
,1368
,8886
,8225
,8384
,8241
,882
,8444
,1184
,8256
,9115
,1089
,8728
,8803
,8495
,2285
,1063
,1502
,8706
,1379
,996
,8097
,9230
,1690
,8955
,1483
,8626
,8866
,1358
,10115
,9373
,10097
,879
,1574
,8163
,8450
,9035
,9141
,8320
,1663
,8242
,8668
,1216
,846
,9120
,8631
,1428
,1335
,8726
,8340
,9083
,8440
,9489
,8971]