[11719
,9417
,9155
,10228
,10586
,10116
,9737
,10107
,9363
,10783
,8863
,9299
,9184
,10232
,10571
,8869
,9175
,10410
,9632
,10307
,8824
,9694
,10133
,9515
,9704
,9716
,9854
,9049
,9427
,8836
,9296
,9520
,8949
,8864
,9898
,8888
,9191
,8467
,8966
,8818
,10346
,9244
,10252
,10484
,10112
,11004
,9425
,9409
,9154
,8699
,9400
,10525
,8776
,8586
,10484
,9060
,8734
,9474
,9690
,8801
,9850
,9185
,9142
,10037
,10900
,11656
,10572
,9188
,9072
,9996
,9594
,9559
,9121
,9786
,9346
,9651
,8689
,9484
,9798
,12251
,9067
,9849
,9851
,8642
,9500
,10395
,9310
,9328
,9761
,9405
,9774
,9654
,9700
,9426
,8747
,9092
,10169
,10503
,9406
,9924
,12518
,9897
,10301
,9880
,9234
,8771
,10402
,10197
,9557
,9592]