[8989
,8566
,8578
,7672
,7975
,7985
,8090
,7759
,7869
,9324
,8503
,8515
,9186
,9127
,8409
,8461
,8160
,9055
,7686
,9005
,9388
,7667
,8291
,8264
,8249
,8530
,8532
,7868
,7802
,7593
,8155
,8843
,9352
,8191
,7737
,9746
,11858
,10889
,9073
,10586
,10599
,10250
,11665
,8333
,8893
,8368
,7610
,7619
,8880
,9257
,8456
,8463
,8789
,9130
,8675
,8310
,7746
,7620
,7955
,8292
,7883
,8577
,8579
,8507
,9437
,8627
,7590
,7929
,9209
,7800
,9480
,9120
,8758
,8220
,7749
,9394
,8287
,8946
,8608
,7935
,8936
,8886
,8230
,7554
,8516
,8456
,9146
,8378
,9062
,8013
,7685
,8411
,8936
,8249
,9264
,7790
,8038
,8655
,8277
,8942
,8804
,8471
,8783
,8139
,8860
,8371
,9418
,11201]