127.46
138.32
146.14
55.29
31.07
30.12
49.95
49.39
54.56
58.92
24.97
24.49
42.21
60.37
56.91
63.32
26.38
31.1
28.06
37.46
26.44
65.79
51.13
61.6
28.53
53.75
68.8
32.34
52.19
90.22
31.03
29.62
57.2
28.71
37.07
52.99
23.46
57.7
26
29.35
91
56.56
81.97
47.61
31.09
58.09
46.31
53.23
48.29
60.58
54.7
58.95
54.62
70.23
30.69
21.37
87.43
28.72
49.97
41.98
30.15
41.97
101.38
49.64
72.6
50.09
63.58
117.81
26.8
49.83
99.77
44.66
62.09
55.46
36.55
62.83
53.78
16.85
30.84
59.48
22.44
59.67
51.66
49.37
52.91
26.84
60.54
75.06
21.63
52.51
58.26
59.02
49.09
33.04
41.68
54.89
54.05
56.16
22.55
41.67
20.39
53.58
49.48
49.48
60.93
50.66
23.53
50.16
54.82
47.57
52.13
64.47
184.6
12.11
29.74
52.35
51.41
57.47
51.44
50.83
56.25
61.29
24.3
50.95
50.8
58.03
57.34
26.78
63.09
23.5
49.95
54.27
37.84
43.28
57.76
55.94
59.77
53.8
23.99
47.35
54.46
49.57
51.95
49.54
26.72
31.24
25.62
52.84
77.34
55.69
26.58
55.72
58.96
19.36
36.82
40.7
141.21
27.12
59.4
20.68
56.06
55.48
56.95
56.38
24.76
47.78
58.68
30.22
26.19
38.94
87.53
20.96
51.67
22.18
47.99
41.01
43.79
53.76
55.45
60.95
28.31
22.04
45.42
89.02
52.73
72.47
18.39
28.88
56.04
37.62
53.96
47.59
112.11
20.9
49.16
60.52
42.02
54.62
59.1
71.8
22.33
34.41
51.17
20.5
50.73
30.18
127.48
23.05
44.63
56.7
28.43
55.7
49.25
55.47
59.26
28.1
56.04
51.98
26.82
26.81
50.92
53.14
44.23
49.26
53.68
58.82
58.72
53.85