131.13
134.84
142.05
56.61
58.69
50.01
52.4
59.22
22.73
22.71
53.26
55.22
59.98
30.21
54.53
61.91
25.38
47.42
27.06
107.64
54.83
58.29
63.72
23.9
50.7
57.58
53.65
69.29
34.73
55.67
38.66
50.16
52.5
29.95
64.95
61.53
65.91
55.53
52.66
58.1
84.67
39.99
42.88
54.97
63.32
28.71
50.43
52.53
54.51
59.81
76.25
26.74
23.55
22.91
59.36
60.01
25.24
29.15
42.63
51.02
87.76
25.5
100.61
51.74
52.35
26.22
52.04
30
54.76
51.82
53.41
31.8
48.18
52.34
95.43
19.06
56.89
49.66
53.42
52.19
53.79
56.53
47.75
26.56
63.46
24.14
52
25.41
44.2
62.62
46.83
26.23
49.36
57.2
23.39
23.72
23.73
55.28
63.83
27.88
25.43
25.41
57
61.82
67.5
69.4
37.66
46.11
47.89
50.13
25.13
57.41
22.13
21.53
22.84
53.3
60.8
53.95
57.77
23.15
57.8
24.65
54.18
56.4
50.78
62.18
51.07
63.76
59.18
58.35
62
40.3
49.88
58.56
23.61
39.66
21.33
68.03
23.12
47.97
56.67
29.09
58.4
23.03
25.9
30.75
41.12
65.53
37.56
54.56
53.83
50.58
26.45
51.38
63.39
51.42
61.05
23.08
65.97
49.5
47.21
58.86
23.7
54.54
18.34
48.41
11.97
26.68
61.71
1062.75
21.41
22.2
53.82
27.37
48.99
56.98
53.16
48.22
51.74
52.65
55.48
48.09
56.13
53.89
54.18
52.12
57.74
54.6
46.95
50.09
58.5
22.75
45.44
30.02
46.26
50.53
42.99
55.18
47.84
51.74
48.57
56.6
157.49
20.13
24.32
56.33
53.4
52.09
56.35
25.23
49.82
55.86
58.19
51.36
47.93
54.98
31