176.82
183.82
83.23
103.44
76.69
67.98
103.27
76.42
84.16
110.1
98.94
98.63
90.89
71.21
110.71
93.98
84.94
79.84
75.46
76.9
81.22
82.48
83.43
94.47
175.77
95.2
101.28
70.45
99.28
69.69
75.9
124.67
108.81
135.97
92.45
75.08
75.45
75.94
97.26
68.12
81.33
75.08
73.37
92.95
115.94
109.35
95.75
95.41
62.4
115.01
91.5
80.31
77.68
85.46
46.97
96.06
89.21
76.44
85.73
100.55
96.07
142.51
64.62
92.36
72.96
89.64
97.08
102.23
138.61
90.79
99.16
74.51
64.62
58.23
92.3
73.07
72.17
78.27
75.3
90.26
137.64
79.85
100.35
85.94
90
85.69
100.43
95.7
93.37
90.23
77.69
52.35
91.7
89.67
132.42
111.84
103.12
85.26
100.1
99.53
98.23
64.98
86.76
103.93
60.18
52.54
73.66
92.8
77.93
81.74
105.07
45.94
93.2
61.14
100.64
31.74
72.4
108.13
67.68
66.73
74.32
95.37
86.15
114.23
55.95
71.49
87.87
96.97
81.41
66.7
69.52
85.97
90.96
94.92
79.74
95.81
92.86
66.75
92.23
94.02
85.1
94.81
89.48
89.67
93.32
73.77
64.76
68.88
68.12
70.27
67.26
70.92
93.41
95.18
108.49
74.34
74.17
87.61
86.52
91.92
80.92
76.33