86.15
64.56
60.08
55.18
89.06
37.82
30.42
87.65
100.09
51.3
61.06
54.32
58.49
63.58
48.78
56.39
22.08
56.78
36.21
52.48
54.72
58.23
37.21
54.37
29.59
34.65
53.61
27.41
82.13
33.75
65.41
43.97
59.73
63.94
26.7
40.93
13.62
54.63
49.57
51.57
66.28
52.58
32.06
60.09
60.76
83.63
52.42
58.98
92.93
52.32
26.86
25.09
50.75
23.73
28
50.49
45.31
71.4
105.1
57.25
73.56
30.37
40.9
27.05
55.51
61.3
65.48
27.96
60.1
25.12
27.05
26.08
54.25
65.02
51.56
59.45
62.99
55.95
50.96
58.18
28.43
59.22
85.45
35.36
36.21
24.7
55.87
67.55
23.8
56.08
57.61
50.93
53.05
30.72
44.96
30.9
34.94
52.71
52.3
65.04
90.72
147.99
30.14
51.6
25.22
55.99
55.32
60.19
74.13
31.37
53.81
26.32
38.27
72.14
22.12
52.46
47.57
57.38
22.9
27.96
56.65
61.9
59.31
50.95
60.25
30.31
53.26
27.29
51.49
53.32
61.76
64.47
31.28
61.05
54.56
57.93
59.63
65.51
62.35
52.6
45.58
57.9
59.25
56.1
27.28
29.21
55.59
47.86
56.47
49.12
50.85
31.8
58.41
49.8
54.63
57.19
41.57
68.82
41.93
63.52
36.17
49.78
24.17
64.04
60.86
119.31
55.64
27.38
54.35
49.31
49.16
24.19
53.22
56.67
57.31
32.05
28.31
51.38
48.09
126.49
43.6
63.08
64.9
55.62
57.06
24.57
182.31
54.96
49.81
55.83
33.33
55.05
59.19
39.28
52.82
55.4
51.65
60.07
27.77
34.4
61.63
61.78
48.31
24.79
30.5
54.09
89.24
51.94
31
50.34
60.07
37.72
49.12
58.71
64.15
37.48
26.43
57.5
59.4
48.24
57.49
92.27
55.17
17.43
60.71
33.14
58.24