195.72
106.11
85.34
76.84
83.16
170.86
93.85
95.7
70.19
79.58
89.39
84.18
87.44
73.49
59.65
96.73
183.41
101.19
109.43
83.02
94.81
102.8
76.74
93.19
94.59
99.88
98.17
97.26
102.83
87.32
72.56
94.75
119.8
79.34
167.34
97.59
98.79
165.54
110.29
92.93
82.22
127.81
106.34
76.61
78.68
75.25
105.34
82.94
82.41
87.86
78.61
85.89
101.47
93.29
89.67
78.01
95.11
144.87
86.13
130.9
59.63
129.39
78.49
80.36
77.38
96.11
94.18
78.56
85.95
94.51
84.35
53.65
65.1
72.85
77.28
79.53
92.63
155.05
95.24
121.69
85.3
101.15
95.53
113.51
90.87
92.64
109.1
102.85
91.54
92.43
105.82
82.95
109.16
80.57
91.09
64.6
125.36
95.46
94.24
122.96
53.9
98.54
86.44
97.83
95.75
80.6
85.31
95.07
82.17
83.23
62.37
83.41
80.07
101.61
99.97
70.17
96.45
100.77
83.04
72.83
107.97
98.71
92.37
93.26
92.12
65.37
88.55
106.73
105.85
69.65
76.94
97.33
84.77
74.49
90.75
96.84
73.24
88.68
95.8
103.49
90.85
69.34
89.18
81.41
79.66
87.52
84.52
73.99
81.22
101.04
94.92
95.08
63.3
68.57
76.09
89.97
99.18
98.88
75.47
100.75
72.35
130.42
87.57
81.42
96.02