147.26
125.75
28.3
29.33
54.43
52.02
27.87
25.67
53.41
57.32
53.79
61.99
98.67
139.22
48.94
54.72
62.06
29.72
51.31
62.11
53.99
55.79
36.6
57.18
51.57
62.49
54.07
63.48
26.63
50.16
56.84
49.19
56.28
99.89
55.55
59
13.87
54.5
80.54
22.01
27.92
56.14
48.15
85.15
27.45
51.07
59.79
53.42
42.34
64.96
55.95
59.43
58.23
79.51
26.6
32.62
161.19
53.61
57.81
39.31
24.85
34.76
56.47
38.77
88.62
27.26
55.69
57.85
20.57
21.5
23.13
56.1
59.84
30.72
80.86
27.01
55.31
57.38
57.48
22.74
26.41
58.09
22.23
55.64
72.47
44.16
21.1
57.18
29.91
55.37
104.49
120.67
34.63
48.61
72.03
77.85
21.62
26.36
44.75
57.7
49.12
56.63
24.49
27.88
47.49
51.99
62.48
46.93
49.85
60.28
61.24
25.22
51.65
52.69
47.6
56
62.81
28.29
52.62
53.96
48.42
25.45
60.27
60.27
54.87
24.36
35.54
60.02
40.2
40.65
60.14
60.95
31.44
52.17
56.46
52.44
33
53.58
50.94
37.99
54.6
48.09
46.2
48.65
31.48
51.53
28.63
56.75
37.21
45.86
40.18
24.61
54.37
57.03
23.85
24.76
62.62
26.96
57.02
50.32
57.3
60.14
66.43
41.53
47.91
54.38
61.63
54.82
50.75
23.64
22.07
53.12
55.11
39.23
56.65
39.28
51.53
60.61
50.01
23.6
55.5
57.98
74.66
80.33
31.96
56.76
60.12
52.23
28.64
48.97
11.03
38.94
63.67
38.66
54.5
48.78
56.51
51.46
24.81
53.8
23.6
25.33
64.74
64.17
51.91
25.99
47.06
56.79
21.61
51.17
48.94
65.16
27.79
54.44
60.87
51.05
89.93
25.13
58.1
47.36
49.44
25.53
57.56
50.6
51.13
61.05
55.71
50.96
42.58