170.91
168.63
173.99
153.35
190.77
163.15
83.94
85.35
106.46
74.82
81.36
113.43
98.69
80.08
75.45
79.1
101.35
93.08
86.54
87.87
78.02
75.2
83.58
96.67
94.51
102.88
102.38
97.75
102.03
80.45
32.81
63.62
67.34
106.87
66.18
80.36
46.51
91.93
118.14
78.03
71.99
65.27
110.73
66.23
98.51
98.31
121.56
126.49
92.27
85.89
74.11
83.23
80.72
44.32
82.6
70.44
94
54
89.34
89.48
82.4
89.68
131.71
65.16
106.94
112.02
42.77
66.84
49.66
92.92
110.06
151.49
95.9
58.99
67.32
83.05
53.92
89.83
38.36
74.3
91.26
71.11
93.23
130.78
93.02
111.65
96.32
92.57
80.39
82.1
72.64
126.38
49.19
75.01
73.5
42.21
75.92
77.78
62.49
95.38
68.11
94.11
123.22
82.08
75.73
80.89
62.89
66.98
99.35
79.27
76.03
85.04
75.11
74.66
61.97
66.23
96.5
97.01
46.18
89.89
101.79
92.19
67.9
95.64
59.61
72.13
65.32
104.38
101.33
61.48
38.54
68.47
45.09
63.54
69.98
106
51.44
60.41
77.52
68.02
56.83
40.57
67.54
102.97
98.5
75.43
98.47
134.4
99.81
35.34
84.04
69.29
105.4
73.33
83.32
101.68
98.18
51.08
78.79
36.1
29.96
88.42