256.32
96.46
100.69
89.31
68.84
55.57
88.65
189.21
81.26
82.82
92.21
89.1
92.7
57.29
93.31
81.98
96.09
89.34
87.25
94.05
70.03
57.91
76.8
118.64
100.81
82.08
153.3
97.14
106.89
188.25
41.56
71.4
70.66
75.23
83.19
89
132.57
90.19
92.18
108.11
143.03
61.67
92.44
42.93
82.23
30.9
75.93
90.88
62.57
101.86
71.93
81.43
123.76
96.43
89.48
144.58
87.38
111.22
124.23
98.24
81.82
82.77
76.88
49.19
75.91
71.97
73.28
59.4
79.14
59.93
76.07
89.51
167.84
23.75
37.01
66.3
72.7
106.2
47.55
92.11
85.96
72.85
78.32
79.59
72.65
199.49
57.83
80.49
78.24
104.35
130.1
75.34
95.13
47.5
43.79
75.63
61.1
311.5
105.13
72.91
89.48
82.27
97.26
33.24
91.25
38.62
90.4
44.57
46.16
104.79
39.96
82.74
59.17
90.06
73.84
92.94
138.52
79.73
90.02
85.55
92.13
134.51
139.15
138.15
96.46
83.59
90.46
73.16
86.19
91.32
90.22
94.5
31.37