184.9
188.99
177
173.11
185.65
155.72
77.8
97.06
81.01
87.77
87.5
106.24
78.36
65.97
78.06
104.25
91.59
79.86
88.53
99.88
96.84
91.78
112.01
80.05
100.03
93.51
82.92
98.55
99.07
101.42
94.45
1107.41
80.04
92.02
89.39
69.75
80.25
93.17
82.26
92.36
87.58
81.29
81.36
76.4
98.92
92.7
100.94
52.62
203.91
192.49
75.19
85.66
167.36
80.84
77.34
94.62
83.09
96.62
128.54
86.55
88.76
108.57
72.99
96.21
94.23
116.11
101.26
141.7
74.15
84.55
127.47
60.21
99.41
78.89
83.07
99.67
80.39
84.19
143.9
133.15
86.29
109.17
88.43
80.82
92.61
84.68
80.6
80.23
103.73
54.57
75.68
79.85
84.85
97.01
99.83
81.6
85.5
90.45
53.84
104.97
100.48
69.75
75.45
69.12
63.79
98.32
83.69
84.83
83.29
57.3
90.88
87.04
75.2
102.69
85.76
68
76.73
94.96
75.14
67.59
81.43
95.37
75.48
82.14
99.22
89.79
101.9
75.97
95.25
92.55
94.81
97.49
106.5
113.32
78.45
98.58
123.5
89.34
69.34
85.73
118.99
95.25
70.22
95.76
59.17
73.58
90.07
101.04
107
84
87.73
96.41
97.81
84.48
74.36
118.34
70.99
118.41
105.95
66.71
60.91
101.11
78.21
74.71
72.79
94.08
95.82
68.31
70.96
59.24
79.76
117.6
90.74
98.72
83.79
89.54
77.78
95.17
86.54
96.51