171.09
177.45
175.54
191.76
76.7
104.66
87.25
86.12
96.28
89.33
107.37
94.45
81.73
84.59
92.97
83.76
104.13
94.63
91.59
80.57
100.33
83.33
102.51
108.13
82.9
63.14
94.61
86.81
135.06
80.04
99.55
90.42
88.64
90.99
82.25
88.33
69.61
95.64
91.49
98.33
97.41
91.93
108.97
151.3
96.78
95.57
91.96
85.04
75.44
97.82
140.36
99.04
63.17
87.38
81.55
104.72
86.27
88.62
121.25
99.14
79.01
76.07
102.32
70.82
65.07
120.62
88.23
78.5
137.89
80.63
81.42
81.33
81.8
100.27
92.4
96.69
81.97
81.56
81.27
78.31
101.14
86.96
135.85
87.41
68.06
98.41
70.87
95.16
91.49
74.89
76.13
95.05
92.26
80.63
131.07
78.59
78.9
80.36
88.13
101.63
90.66
70.36
77
72.38
59.9
93.09
97.13
87.47
101.12
155.94
81.93
65.08
93.86
69.27
83.15
90.96
108.29
73.6
119.85
73.57
89.5
86.12
99.37
78.28
303.18
70.31
86.33
80.08
82.48
75.51
99.71
92.58
94.62
98.01
69.76
100.14
83.49
82.01
97.67
140.8
98.18
101.24
100.68
78.99
93.96
98.28
83.9
141.37
97.59
100.94
107.22
85.69
105.54
97.47
93.77
90.61
107.28
80.22
92.96
96.57
76.88
80.36
79.27
94.13