89.58
139.24
49.01
57.96
62.54
20.27
56.35
25.29
61.07
60.66
54.56
66.77
24.59
55.14
40.07
31.11
63.6
104.31
60.68
24.14
52.42
60.23
50.44
56.59
59.24
47.1
59.52
30.72
61.57
30.9
83.56
55.47
63.36
45.91
56.24
61.21
26.03
64.24
63.86
24.38
59.72
28.53
54.23
58.49
28.39
55.61
50.74
96.32
27.83
47.23
40.52
36.61
28.2
56.21
29.62
44.54
58.09
44.02
22.9
46.22
25.93
43.62
52.5
28.92
39.65
74.29
26.83
63.82
48.67
51.68
26.94
62.65
91.46
53.62
62.56
49.92
53.03
57.41
61.52
44.44
29.66
30.03
117.71
40.92
52.91
49.83
78.47
25.34
59.29
25.15
45.53
58.54
27.73
55.77
58.88
27.53
62.4
53.67
29.12
91.36
22.77
50.61
29.2
23.37
51.34
57.81
54.49
53.74
60.84
27.74
36.61
33.14
85.63
96.33
44.83
26.37
30.22
50.66
58.26
23.8
39.61
25.04
29.93
46.13
53.41
39.03
55.5
61.52
71.15
10.59
53.61
42.09
59.24
29.23
71.2
28.21
24.28
30.01
41.66
27.85
71.22
42.57
26.87
39.14
59.48
21.91
62.13
65.88
37.23
51.21
52.48
24.29
53.14
173.05
53.3
45.19
57.49
51.93
54
55.66
20.68
46.69
25.93
58.05
45.21
50.08
26.23
44.93
58.96
25.64
54.58
23.09
45.44
50.91
20.48
28.37
54.99
26.21
50.49
49.19
58.25
26.59
27.8
52.89
54.46
27.13
34.27
53.51
136.48
58.9
46.89
52.58
58.63
68.78
54.12
32.99
49.84
78.15
56.27
44.35
51.73
30.2
37.34
61.27
75.13
61.82
20.97
31.72
53.36
56.98
50.8
54.03
36.02
20.84
21.72
49.95
54.82
26.46
26.36
129.56
46.76
57.38
96.46