87.31
92.67
109.15
125.71
26.71
52.27
45.6
57.89
69.48
22.93
59.93
19.78
55.71
59.11
27.4
50.49
48.81
55.58
54.59
26.04
32.73
49.73
57.44
49.85
31.74
50.07
53.99
25.49
21.38
28.09
58.71
63.75
27.96
47.21
35.56
85.6
56.74
59.01
98.71
45.34
62.94
25.86
85.33
30.15
42.48
49.78
26.19
30.06
49.63
48.69
54.33
69.55
11.34
25.74
51.12
37.22
61.16
25.44
81.41
97.88
25.96
100.27
26.28
52.89
53.86
94.24
26.37
31.99
66.53
101.89
24
60.97
35.97
54.33
55.77
36.94
54.66
64.62
52.27
58.54
28.6
77.47
55.27
56.41
52.92
55.65
50.7
25.76
56.42
29.03
31.31
33.39
53.27
57.05
60.7
41.52
26.11
55.2
55.99
26.5
92.08
58.72
55.67
54.33
64.42
25.58
24.33
52.56
33.75
52.94
29.63
56.32
62.23
72.58
55.39
58.98
49.78
60.75
56.76
53.71
58.95
62.62
27.8
26.93
56.52
23.43
34.12
59.7
49.99
60.65
57.3
38.16
41.17
45.44
55.22
53.03
21.48
25.19
63.35
39.02
28.01
90.67
29.94
61.16
61.72
53.26
54.75
27.07
30.55
36.21
47.89
49.78
90.22
44.56
77.54
18.99
28.85
36.01
22.44
44.05
53.14
23.11
47.49
56.06
51.37
77.49
51.42
55.65
36.39
50.07
59.32
62.12
18.03
29.51
53.13
51.47
50.53
58.4
24.72
28.69
51.07
51.89
21.74
27.12
60.23
31.03
47.44
25.03
36.57
55.07
55.75
24.37
54.93
55.59
63.23
43.28
55.66
58.38
24.65
51.48
49.18
49.32
54.82
53.74
56.88
41.79
46.26
49.91
32.55
61.68
29.27
51.21
54.01
58.17
51.73
13.26
35.19
36.84
53.41
46.11
47.05
21.34
52.86
47.79
58.73
41.05
11.46
46.92
50.89
61.03
51.07
49.68
55.14
22.3
37.07
57.37
40.93