127.92
106.44
65.74
223.69
152.19
239.92
71.12
81.82
79.96
35.02
232.93
192.11
48.33
94.66
41.74
85.57
36.2
170.6
41.54
87.97
118.68
116.93
89.46
107.34
107.71
92.36
128.03
148.43
52.32
134.69
112.2
211.16
47.5
100.4
145.51
79.37
104.53
77.27
110.88
180.35
82.93
32.89
175.94
204.48
115.14
123
169.46
118.36
149.72
106.34
39.8
94.4
95.99
78.76
169.04
138.89
289.44
114.13
140.61
82.78
101.42
130.76
217.65
97.05
128.01
98.97
74.5
91.26
156.2
170.44
105.39
48.36
80.08
88.96
198.34
29.9
69.7
111.89
153.09
38.02
97.36
174.24
94.08
104.72
83.13
87.85
105.66
115.04
70.87
113.18
92.06
98.91
198.45
65.89
137.19
85.54
104.6
135.39
182.08
197.82
124.63
84.54
39.64
84.83
100.39
57.45
133.13
37.69
73.72
122.21
30.32
128.92
70.65
91.24
92.42
76.82
124.56
130.14
91.53
105.34
120.34
24.85
71.09
93.05
43.42
113.62
117.31
177.69
39.73
111.41
124.35
55.44
97.5
52.25
68.93
127.13
85.9
94.61
118.47
100.83
150.91
138.77
1100.57
111.99
82.76
107.75
84.21
96.53
120.92
46.7
53.23
48.75
61.86
68.6
104.44
111.45
47.69
86.21
55.17
82.18
99.08
86.11
95.57
98.81
158.95
118.48
40.29
145.85
148.65
133.37
38.16
110.55
82.05
123.41
158
222.9
56.03
175.02
50.04
48.96
57.13
59.75
90.55
88.51
156.85
31.8
98.64
103.92
51.03
73.16
83.99
121.66
33.71
74.34
89.17
48.38
61.64
94.97
86.53
72.68
142.11
154.39
39.23
82.11
132.82
128.65
120.27
65.1
131.11
118.1
116.35
34.24
82.94
161.67
99.97
30.38
86.94
85.72
77.98
115.16
108.21
110.27
79.35
56.44
92.81
164.22
137.7
135.39
98.41
34.69
39.51
70.53
84.05
124.01