208.34
165.64
177.17
204.66
201.32
175.74
199.95
253.28
264.16
262.89
86.84
112.46
109.75
169.31
139.24
232.7
111.09
219.84
266.43
222.31
67.13
109.7
136.13
152.42
165.21
224.46
158.25
238.59
280.89
279.14
48.19
64.75
75.73
85.97
100.85
56.12
119.98
122.02
49.47
69.46
104.96
72.08
107.16
93.12
78.47
106.86
102.55
123.54
142.76
120.11
128.65
228.25
82.99
104.63
105.08
101.25
93.82
99.02
201.26
187.21
213.46
50.15
47.55
71.32
66.59
66.87
123.32
91.31
163.29
100.23
69.73
96.49
75.77
80.2
102.17
43.94
199.42
169.6
291.16
49.58
77.14
80.67
111.49
98.63
119.02
213.16
101.87
160.72
212.55
174.61
179.16
185.48
215.18
282.56
290.49
313.54
359.83
198.57
401.28
389.53
191.49
79.42
90.11
68.29
91.23
127.61
123.2
124.18
115.71
130.47
163.96
37.87
34.17
92.78
100.2
135.58
119.47
76.2
110.69
118.12
93.69
231.24
54.5
97.92
67.33
111.08
115.41
157.45
188.22
225.2
239.77
80.66
94.39
74.48
99.41
88.05
109.03
75.94
92.64
126.56
100.49
146.95
109.08
122.48
129.27
116.81
98.05
172.5
259.04
32.2
40.84
49.82
49.39
60.09
78.93
69.1
63.51
62.45
211.71
84.1
95.41
97.11
134.92
106.01
141.55
80.38
191.92
134.61
139.19
246.27
52.24
89.98
92.65
117.97
118.87
65.82
166.04
158.85
66.92
77
90.96
55.77
86.68
66.98
85.88
106.67
60.56
69.98
91.91
73.24
75.71
74.7
67.78
101.71
128.5
114.18
87.24
325.32
85.71
88.96
146.41
142.5
151.24
207.26
270.6
293.67
317.49
310.66
47.07
46.02
78.05
91.42
92.09
100.02
99.31
114.57
67.92
36.74
78.8
84.19
97.96
107.17
118.67
99.43
64.63
1049.88
63.52
84.45
93.86
115.71
138.57
139.37
63.32
190.08
194.9
187.27
361.64
90.88
107.99
186.92
168.39
197.83
207.33
186.21
223.78
200.77
241.7
43.63
81.85
86.72
87.09
78.35
46.8
86.05
110.2
82.85
212.84
72.82
112.56
142.58
129.01
162.83
188.39
162.42
184.51
187.05
218.02
77.1
116.02
110.15
116.73
142.4
168.83
170.27
154.94
179.15
225.08
57.72
99.15
118.89
124.37
142.04
119.48
200.61
233.67
308.01
42.14
203.41
161.19
226.4
207.08
112.63
238.49
231.01
255.83
310.54
26.58
67.43
94.7
68.49
74.9
1111.17
68.6
86.49
140.67
86.83
215.85
50.11
42.19
47.57
44.52
69.15
71.97
79.05
73.03
62.57
137.52
94.7
76.84
97.8
134.61
152.15
141.37
123.65
184.38
185.78
50.17
78.78
1075.31
102
103.97
76.12
101
100.04
113.21
110.64
159.59
86.6
91.98
90.83
97.05
108.27
151.94
151.16
162.82
210.94
186.89
52.61
48.23
61
39.92
43.88
58.61
31.88
41.15
49.51
69.08
52.35
53.49
51.13
74.23
53.8
59.28
47.47
72.35
71.07
61.49
92.1
87.34
85.19
81.84
102.12
65.35
46.37
45.41
81.16
80.23
84.5
155.26
59.84
77.39
102.93
78.6
65.3
107.18
131.36
112.63
95.66
121.08
106.53
87.26
72.1
71.54
82.07
102.96
96.01
112.05
128.81
179.45
59.17
160.03
79.62
115.27
89.95
120.4
164.99
69.32
129.12
90.25
205.46
206.39
228.82
22.82
47.49
61.4
68.52
71.41
96.8
74.8
114.55
151.35
39.29
39.98
65.72
25.68
62.12
69.52
55.07
115.18
100.64
91.36
140.64
167.9
189.12
196.23
327.15
1075.58
203.16
170.16
56.58
109.09
55.75
78.01
62.87
84.29
170.72
192.28
245.12
289.08
67.78
36.77
59.59
75.5
84.98
54.61
101.19
35.69
129.21
192.52
118.11
302.72
32.45
40
26.06
36.58
84.42
91.1
97.54
97.47
141.93
147.75
75.5
70.23
87.9
93.97
88.91
78.56
118.22
104.03
137.02
57.71
60.32
68.47
70.54
66.66
85.51
75.18
99.25
80.7
54.87
79.23
54.81
90.34
63.66
98.44
94.5
108.88
152.36
67.69
97.08
69.09
77.74
85.45
131.47
95.66
142.16
154.92
74.18
75.14
56.57
83.56
70.52
92.95
75.12
144.19
66.09
57.12
84.2
83.63
104.74
98.22
152.92
147.3
44.34
63.91
95.97
99.29
111.59
156.62
133.94
170.79
137.72
203.72
52.08
77.36
77.5
80.89
77.12
89.65
131.52
161.89
165.32
227.83
58.88
69.66
61.31
59.21
47.55
70.08
70.11
78.28
81.01
16.21
32.72
48.45
43.53
24
36.96
41.64
91.54
69.21
103.42
189.74
73.13
69.64
78.96
103.69
167.74
70.42
100.09
99.04
136.2
168.37
60.94
73.16
80.4
95.16
101.86
113.4
138.42
236.83
267.17
39.04
53.02
124.13
120.44
127.77
142.2
145.69
167.49
174.23
66.81
71.41
72.64
89.36
109.89
90.62
172.43
66.47
61.72
80.37
83.9
74.07
70
179.77
59.02
72.33
110.87
89.22
151.04
65.74
101.23
168.36
176.82
162.96
200.62
154.46
65.82
77.26
110.35
107.27
134.65
50.04
90.77
120.88
129.37
140.79
144.72
153.47
180.82
103.02
87.31
121.42
112.02
110.59
126.66
136.99
169.39
205.66
48.33
75.12
79.33
126.68
156.16
117.96
161.06
125.64
15.68
29.9
25.12
50.73
62.63
81.66
81.6
108.05
159.03
163.89
42.42
51.92
72.41
65.19
65.6
100.03
78.18
118.95
34.64
68.84
54.42
97.39
77.71
155.73
154.29
147.45
36.94
55.04
83.83
76.23
66.41
101.94
121.19
122.01
125.52
97.26
171.67
205.22
213.21
208.43
38.17
55.65
78.16
117.9
107.13
93.76
134.16
129.75
113.68
218.13
69.76
73.83
75.88
88.96
85.77
62.31
66.4
80.31
79.6
102.35
87.78
109
51.43
141.6
105.93
153.66
177.98
197.76
291.98
293.98
341.35
318.34
53.28
28.04
90.43
23.2
104.02
75.56
51.1
91.82
86.57
245.81
236.07
293.31
66.94
104.83
106.72
129.71
36.19
170.85
180.88
187.76
63.61
200.9
202.39
171.89
54.52
80.78
52.88
69.86
83.96
95.1
92.03
63.31
56.32
80.71
88.1
75.24
45
68.91
83.28
97.36
76.94
109.27
170.14
132.4
59.89
61.08
54.16
61.94
52.47
82.66
73.38
72.97
96.35
96
64.93
42.68