108.9
107.62
157.95
156.28
65.28
31.59
67.41
70.86
27.34
67.71
76.65
63.9
57.74
72.84
77.56
66.77
31.5
35.49
61.38
81.81
34.7
61.65
55.39
59.87
69.67
64.71
50.88
31.02
71.92
33.12
71.84
64.74
30.19
56.39
32.74
71.45
65.26
30.61
30.29
63.39
92.39
56.36
70.15
26.68
57.77
73.17
31.4
61.31
75.45
77.71
65.46
76.98
47.96
70.05
26.44
74.97
66.92
24.32
107.77
73.3
23.98
44.75
115.75
146.45
59.19
29.64
71.96
85.43
53.08
77.76
73.86
26.94
54.09
33.45
34.99
71.66
108.32
66.02
83.16
60.01
67.96
68.92
33.74
67.48
57.7
80.3
86.01
39.76
49.86
55.65
83.62
60.72
31.51
97.94
55.86
68.46
70.72
63.29
68.25
26.9
28.54
98.44
98.79
26.64
54.19
63.32
33.96
54.72
64.32
69.86
68.39
61.83
28.51
33.68
56.76
58.97
63.26
69.96
25.66
58.62
60.46
62.28
64.76
71.45
22.98
62.06
54.56
65.72
23.44
59.98
33.31
93.23
29.62
51.23
59.08
66.65
64.67
68.02
69.7
79.33
65.26
68.91
66.69
31.79
65.94
19.58
29.76
79.99
36.57
52.22
70.5
76.49
51.14
61.79
25.06
61.34
64.31
33.2
61.39
72.1
59.72
32.09
22.58
67.12
74.25
54.2
73.8
59.57
77.02
33.26
40.13
84.2
54.96
67.08
70.08
65.92
56.4
67.47
62.19
47.96
23.6
67.24
36.12
67.33
28.97
60.9
77.28
78.57
62.95
26.53
51.2
69.32
27.34
25.93
56.43
21.47
75.36
27.41
59.72
63.63
27.05
41.24
59.65
58.06
64.78
52.46
67.8
73.06
63.26
93.41
26.97
75.35
58.07
66.92
87
28.8
63.59
63.57
101.61