114.78
162.24
158.06
37.47
86.74
85.96
92
82.98
138.29
138.01
159.74
33.59
37.75
72.7
26.47
93.23
66.82
68.95
36.95
62.81
69.38
108.1
65.74
67.98
103.33
46.13
64.25
70.54
39.31
72.86
86.5
32.69
90.47
100.09
134.58
63.6
72.53
53.91
86.9
71.25
75.46
69.74
72.45
28.51
69.97
31.04
70.54
88.9
87.93
66.28
69.48
102.52
133.27
136.63
56.18
63.9
120.2
39.12
123.04
75.13
105.99
122.06
32.62
42.08
73.91
61.46
87.93
39.08
99.33
103.09
65.75
73.98
89.86
72.56
72.58
82.04
13.28
57.07
48.42
68.9
69.46
36.43
31.35
25.07
65.06
51.46
68.18
66.27
67.05
73.06
33.6
28.15
125.55
63.95
74.26
125.1
59.96
66.84
23.45
67.77
49.71
88.04
82.92
93.86
69.65
71.34
107.9
31.51
33.12
36.16
70.5
65.17
140.96
29.01
111.57
25.51
48.2
61.1
70.03
76.9
33.82
30.82
88.2
35.08
66.79
27.38
73.8
74.96
83
27.28
26.58
63.01
72.57
31.14
166.52
67.89
70.82
82.08
59.04
106.59
71.09
51.24
69.66
71.99
29.25
62.86
63.1
25.16
79.87
20.32
51.12
69.6
79.42
70.53
68.41
84.89
68.69
62.99
74.81
73.02
73.08
51.34
66.27
20.18
59.04
25.15
65.23
73.02
51.57
168.21
74.99
60.45
77.51
72.13
87.22
30.71
38.01
82.15
54.06
63.69
69.78
51.52
74.73
63.71
70.48
91.31
167.09
19.09
74.52
74.92
68.16
68.78
69.58
73.74
75.59
62.63
97.35
30.74
63.79
63.89
49.58
109.31
218.1
60.7
45.86
68.53
56.28
1076.23
72.29
108.43
62.13
117.2
25.8
33.71
54.19
72.73
83.23
37.93
71.95
74.22
38.56
67.57
58.87
59.94
66.36