111.34
149.92
161.05
154.55
72.39
28.82
70.54
77
78.94
76.83
105.87
108.13
69.19
88.73
37.63
72.31
71.44
24.8
35.85
76.22
24.07
68.22
69.63
103.02
76.97
86.7
85.11
35.01
113.67
68.26
131.74
77.56
74.56
59.98
74.52
55.27
37.26
76.89
84.07
25.84
67.63
70.22
83.19
74.75
83.95
76.11
113.29
102.94
37.64
41.18
78.47
111.31
35.54
71.71
78.04
115.58
38.99
68.38
95.12
35.09
81.5
74.45
91.91
34.02
80.48
35.01
74.7
86.23
30.3
43.7
99.99
43.5
76.71
60.46
32.5
103.5
64.48
33.28
76.93
74.27
31.95
59.85
76.76
32.53
52.53
72.57
30.34
74.29
79.34
65.37
76.27
33.48
73.93
77.59
70.37
68.86
69.47
93.28
59.97
75.59
95.19
63.14
33.26
67.45
68.22
24.08
66.51
73.43
72.53
75.83
66.68
79.3
31.43
37.19
59.28
78.1
68.55
69.45
68.51
69.4
71.56
23.49
26.66
95.22
113.4
37.55
81.79
57.75
29.06
50.05
73.44
116.08
86.29
29.79
94.27
78.82
37.26
125.98
71.85
81.84
71.13
79.16
109.13
27.58
71.31
71.16
74.26
73.74
34.92
77.83
57.41
37.1
70.01
73.6
66.31
69.32
66.77
68.81
114.72
66.43
65.96
38.81
70.98
69.07
32.81
71.98
41.28
71.48
28.65
74.79
83.03
61.92
67.8
85.74
56.45
66.85
70.37
60.42
68.08
69.39
69.79
115.23
33.73
68.54
69.53
67.06
69.73
67.34
58.25
58.67
77.82
34.8
53.71
56.08
33.69
72.15
92.24
130.16
50.25
32.31
51.61
74.72
91.71
73.05
80.65
39.72
67.31
34.89
69.06
48.92
68.46
63.24
69.58
55.72
23.55
79.63
73.02