271.22
235.86
237.57
246.16
262.41
244.51
290.3
223.82
108.54
333.14
351.06
166.66
218.82
204.36
266.21
419.09
254.29
232.64
402.55
326.94
405.13
412.49
400.16
407.5
426.82
409.98
439.01
469.93
417.76
122.78
134.54
125.85
156.2
394.23
217.97
194.08
200.72
217.5
272.52
239.28
92.19
92.35
114.14
61.57
126.69
176.47
180.27
160.76
229.67
47.67
278.29
101.77
171.47
223.1
175.15
89.33
251.47
240.46
174.91
221.78
282.99
172.8
343.16
339.02
71.89
76.48
119.71
124.73
148
167.73
198.94
216.66
223.43
317.66
88.32
117.8
79.27
159.37
147.83
167.29
195.69
213.53
225.02
252.14
114.23
126.58
115.4
136.6
174.45
145.81
150.17
146.39
231.21
221.46
101.87
66.06
109.88
108.14
130
130.21
179.89
196.57
298.5
189.76
58.59
90.25
189.95
199.88
73.92
263.24
298.63
297.4
298.06
137.82
349.03
352.52
311.06
355.07
125.98
95.42
103.78
114.98
168.24
161.75
254.11
242.11
166.98
304.27
287.5
213.46
287.85
277.75
326.77
356.3
293.23
371.73
334.7
357.25
61.8
101.45
63.34
107.76
78.89
110.99
95.68
70.04
139.9
71.8
181.97
89.49
96.19
110.18
106.79
110.71
147.52
174.43
161.87
211.97
348.02
70.2
174.53
191.7
202.16
193.82
81.18
168.14
274.85
198.76
277.03
230.12
203.95
264.13
153.14
224.17
350.78
366.94
297.29
327.9
145.63
186.3
101.24
177.73
206.21
184.81
128.46
97.75
250.9
192.95
227.29
183.62
113.42
57.11
147.22
50.18
86.26
85.52
98.64
135.11
145.35
156.12
202.22
221.33
237.84
117.47
188.65
104.02
86.26
222.55
240.27
260.85
245.47
219.92
237.31
293.46
274.52
285.48
242.53
75.72
66.62
100.01
94.78
133.24
152.95
150.39
161.48
174.77
240.66
62
50.7
169.61
167.53
195.29
94.69
186.91
227.53
267.84
178.63
306.68
139.94
290.05
255.43
284.93
269.41
272.68
147
280.83
58.32
185.72
100.26
197.44
96.76
180.94
69.93
109.2
133.23
204
241.43
216.35
76.79
257.61
171.45
240.48
266.48
283.64
199.62
262.36
73.41
80.72
121.7
72.52
146.52
148.6
166.37
157.65
176.2
194.69
84.6
145.92
190.05
86.14
100.53
48.17
200.07
104.72
198.38
191.35
251.85
296.4
346.26
91.19
140.22
1090.51
98.44
139.69
121.8
114.99
227.16
214.87
86.53
236.37
249.44
171.89
288.64
287.9
286.16
64.27
76.39
81.51
112.15
89.92
116.08
105.71
103.83
248.74
259.24
199.68
194.64
99.34
138.04
154.39
88.73
242.91
153.37
246.8
245.65
235.6
200.76
292.11
290.95
256.66
237.98
368.25
325.12
110.99
136.38
139.7
138.23
117.86
133.12
137.28
167.39
128.53
130.83
92.37
104.93
131.33
123.99
152.69
107.58
143.96
191.46
319.97
70.93
83.06
76.83
155.09
136.39
149.13
211.48
150.34
238.55
143.8
70.04
110.1
189.48
188.08
221.4
81.05
212.24
49.41
244.55
90.19
180
201.54
232.73
190.51
195.21
188.15
214.29
153.6
117.23
137.18
73.83
68.4
54.6
100.42
152.19
209.8
55.53
241.76
210.96
238.05
227.03
205.55
284.84
141.05
57.79
57.68
75.04
87.43
100.02
142.5
186.5
120.47
135.36
345.57
62.77
80.45
63.88
104.54
81.59
120.86
116.89
167.82
197.74
222.29
118.16
128.64
68.61
57.87
71.44
61.09
95.67
160.64
114.71
163.79
185.95
41.65
207.65
139.77
248.19
136.12
166.5
280.98
279.83
281.03
248.32
28.46
33.11
57.89
61.43
68.93
96
103.03
96.44
121.22
282.12
6006.13
90.44
100.44
130.58
66.66
162.84
153.16
98.3
87.21
167.2
218.74
135.33
198.36
199.89
233.99
218.76
154.31
76.64
56.86
76.25
176.01
185.93
167.52
80.06
213.4
140.89
200.56
222.09
109.33
228.43
203.69
238.84
193.65
214.63
302.23
316.34
73.22
86.69
111.18
114.74
134.39
131.83
179.19
164.28
209.44
259.66
110.28
173.72
121.32
194.38
170.95
209.29
177.64
140.6
218.48
244.08
147.9
216.03
231.74
278.35
196.3
51.13
194.2
237.24
247.14
71.08
88.21
111.95
92.45
93.55
139.38
138.38
172.36
154.02
1112.02
250.69
72.7
83.49
103.47
95.23
80
47.14
35.8
113.36
116.13
62.54
115.13
174.89
150.34
63.5
92.17
80.93
87.03
144.79
134.6
170.53
265.26
257.33
67.71
85.68
171.69
173.14
152.25
87.3
199.63
130.99
197.87
254.45
223.24
222.56
254.51
364.36
178.29
166.32
197.93
217.21
212.34
214.03
203.57
217.08
232.3
63.13
102.88
219.35
54.82
55.17
68.51
239.94
249.63
260.36
185.72
265.62
170.45
279.83
323.32
254.7
356.6
128.5
209.47
198.01
160.16
480.46
108.68
60.84
46.46
61.75
47.63
89.2
151.51
35.81
130.18
209.75
46.3
223.6
221.36
158.1
258.42
267.35
224.9
164.29
288.5
313.14
78.11
85.04
107.91
116.9
128.27
93.69
72.17
168.72
174.12
99.65
157.82
148.98
164.67
58.57
141.67
195.54
128.86
222.16
258.11
168.19
178.25
337.95
292.35
59.51
85.48
120.49
123.68
108.02
111.42
141.46
134.5
121.78
261.54
50.54
53.99
27.35
69.05
63.55
97.35
121.65
130.87
108.74
191.78
41.98
127.9
114.8
82.3
70.92
112.26
200.1
212.55
234.97
211.82
241.49
243.29
208.67
287.55
38.83
79.45
88.77
125.08
119.14
155.8
152.58
178.49
189.3
240.66
53.57
77.64
128.08
123.09
103.73
122.83
155.03
193.55
126.05
220.88
109.37
126.36
77.99
89.92
97.86
171.03
190.49
181.24
199.18
107.35
222.73
261.54
176.68
239.72
348.37
28.25
54.83
75.77
98.48
85.46
64.66
101.6
141.75
136.6
127.09
76.65
71.23
73.88
178.05
35.79
171.69
177.51
181.77
149.94
209.94
228.7
132.14
238.85
175.12
186.68
168.06
302.11
217.11
211.43
55.94
48.99
36.55
68.81
77.48
97.96
101.03
104.38
1095.57
117.39
68.07
173.99
180.91
89.02
98.76
139.91
179.26
138.2
214.5
234.56
260.6
243.04
273.44
169.67
268.39
333.03
115.93
124.85
82.04
57.29
75.44
103.9
184.01
98.21
216.48
214.01
234.99
229.92
258.22
230.27
327.52
92.77
124.81
229.85
219.66
197.12
209.12
223.11
244.01
262.29
260.19
155.75
169.67
286.43
201.46
225.31
300.78
244.72
213.48
61.84
143.46
239.09
192.03
191.48
80.53
150.13
241.08
227.28
272.21
349.28
105.97
173.81
43.5
149.37
175.01
82.25
53.3
117.54
240.13
183.45
232.17
269.86
353.41
187.88
74.48
80.81
69.89
105.28
90.5
145.23
192.16
95.29
347.74
1101.35
65.04
66.87
60.7
180.8
175.09
89.43
64.26
196.08
116.91
210.88
120.46
210.86
64.28
287.05
64.05
297.33
297.95
191.38
151.33
279.9
307.86
90.82
158
79.36
93.4
182.37
138.39
81.26
186.84
177.51
223.01
251.86
239.79
232.3
317.42
56.77
61.33
53.08
112.48
148.03
205.45
220.44
153.71
227.28
183.86
122.58
234.08
239.06
242.8
152.32
74.49
254.6
268.77
140.47
63.16
81.38
98.43
93.65
111.8
119.15
144.11
132.67
185.73
233.98
66.83
153.94
175.58
87.8
181.4
29.59
95.16
197.04
177.12
121.08
139.16
125.14
136.26
243.09
238.4
110
251.28
254.22
170.2
147.95
64.92
108.14
282.13
80.56
76.73
76.17
157.85
204.29
204.49
202.4
211.89
205.35
207.61
237.99
217.8
345.8
38.28
41.57
127.86
142.7
151.31
62.99
111.3
37.79
158.34
211.78
219.43
245.8
177.59
247.19
222.33
57.32
64.87
79.07
93.2
87.51
95.03
122.8
110.4
124.63
70.78
168.81
174.51
196.63
86.7
94.29
185.83
190.39
132.37
92.66
202.74
240.56
206.14
299.17
313.05
271
310.49
78.17
105.97
114.09
109.13
129.37
153.21
156.63
117.55
177.25
159.02
177.95
268.5
63.39
64.15
150.63
78.04
85.39
170.41
150.09
173.84
202.62
138.54
227.3
227.27
227.42
244.9
261.72
58.83
138.04
142.99
72.6
175.84
108.93
184
105.08
204.7
228.68
231.38
239.94
241.71
386.95
52.75
146.3
95.04
198.32
206.57
175.89
210.54
222.77
227.39
239.73
252.43
248.66
184.92
91.64
95.21
61.69
78.69
69.13
157.4
135.55
177.51
137.52
187.94
206.19
216.69
249.81
1059.06
157.26
166.14
65.26
203.16
209.2
221.14
73.97
135.33
244.91
211.65
183.58
264.64
192.67
220.9
203.69
226.52
160.12
228.29
44.94
251.85
200.44
57.91
267.18
73.3
197.06
161.69
184.96
177.19
169.92
45.54
37.84
93.14
108.71
138.87
142.25
168.64
137.91
170.58
182.26
24.2
81.79
54.06
240.45
129.34
55.93
157.31
181.87
65.61
164.32
190.91
256.05
232.37
217.52
277.17
97.87
57.39
138.44
29.86
222.45
71.61
225.17
80.15
248.64
258.95
239.1
214.04
214.24
277.82
216.87
214.25
212.98
236.21
181.93
285.53
214.37
211.05
210.93
220.15
328.6
59.95
118.18
62.83
101.54
141.37
248.25
229.59
223.88
260.02
256.68
303.92
327.64
316.96
356.67
80.77
107.53
121.96
126.56
56.15
47.07
59.27
107.37
164.73
179.4
189.9
199.93
128.4
246.62
107.3
87.36
81.87
148.26
180.41
101.93
69.24
185.91
191.59
217.18
131.8
146.88
218.78
220.21
170.85
169.93
241.93
92.54
173.36
265.32
121.21
57.38
80.05
61.52
108.28
171.16
196.86
198.74
233.06
202.98
232.31
248.77
240.72
269.31
55
100.55
98.43
112.5
140.32
85.91
163.8
116.72
187.46
212.96
86.92
167.62
170.14
219.73
217.93
225.42
182.93
282.99
200.48
301.41
311.79
242.45
71.15
78.88
212.69
101.82
208.18
166.85
207.15
217.08
229.65
246.35
263.06
276.2
286.56
66.44
60.41
83.1
102.3
95.26
118.57
195.39
211.38
222
74.41
81.86
105.74
89.74
111.77
129.51
151.99
1152.77
169.78
211.77
210.13
53.78
70.15
51.98
123
105.96
90.37
116.23
127.74
142.7
173.46
167.75
168.57
180.41
173.25
79.13
186.88
180.66
68.22
156.33
93.84
241.84
224.54
167.4
49.32
204.32
262.14
186.76
191.26
153.94
191.35
200.25
118.6
182.12
76.67
101.75
102.18
129.79
189.66
296.86
1082.36
89.27
96.08
90
113.93
89.8
130.19
151.23
154.93
158.04
178.37
154.99
158.07
177.88
93.77
100.42
110.15
115.44
121.68
185.3
45.86
172.73
212.79
197.77
212.3
151.44
129.39
191.85
291.21
263.73
74.14
83.14
94.06
127.32
121.41
149.26
169.73
104.75
192.91
285.01
116.12
158.65
79.18
103.38
203.23
131.84
192.81
79.29
89.83
201.58
209.4
176.93
80.72
58.8
49.29
220.17
134.24
252.44
147.68
156.83
164.41
177.99
59.53
154.89
307.42
331.59
57.68
183.32
82.32
95.17
187.36
100.43
100.74
99.35
143.67
180.1
201.75
195.88
231.51
163.51
54.55
191.92
179.21
204.25
50.66
462.57
1070.91
138.25
148.94
124.77
131.42
92.18
157.14
84.61
169.13
146.61
81.33
131.5
106.75
93.24
100.03
197.41
52.29
139.8
238.96
175.95
241.94
256.25
55.78
84.45
119.36
121.28
107.65
108.28
52.53
125.16
146.12
135.25
191.99
41.95
65.95
79.44
47.97
94.61
98.05
163.61
164.88
71.13
198.95
211.14
37.13
130.29
138.29
71.94
151.98
88.86
169.9
184.65
190.52
66.62
242.37
264.39
288.85
269.85
142.51
147.09
1146.05
147.87
177.14
238.27
265.14
271.62
275.7
191.31
186.09
28.79
45.79
56.27
135.14
162.05
16.38
161.27
79.19
168.72
163.43
117.88
17.49
199.68
106.78
208.98
105.2
195.33
13.96
185.17
244.24
52.21
47.72
72.35
61.74
25.1
104.78
536.96
464.95
537.95
388.57
133.89
46.62
138.49
77.21
68.4
68.4
61.23
195.99
120.27
233.02
230.33
200.75
196.7
284.09
251.26
317.93
70.5
132.33
46.75
126.48
170.43
43.22
66.9
174.37
187.92
209.55
147.06
217.23
133.14
273.67
253.27
71.52
61.01
115.77
57.41
138.3
155.38
148.52
156.83
145.04
160.02
92.17
149.06
85.14
47.31