219.52
202.77
242.72
308.91
352.54
342.08
382.71
94.86
425.69
363.57
314.76
198.32
338.43
343.01
380.39
356.07
379.54
385.23
351.89
169.07
326.29
301.77
371.16
343.56
376.37
339.28
340.75
182.56
60.34
476.28
70.08
103.43
353.68
72.77
84.86
65.54
108.1
88.92
104.46
73.66
131.26
155.12
158.25
181.94
187.34
194.56
283.5
63.4
72.61
81.28
80.87
124.4
113.6
124.8
1086.24
171.19
91.03
86.39
90.83
97.81
90.11
108.31
123.41
183.59
161.76
126.73
163.18
179.83
224.93
213.73
298.11
371.97
30.52
49.8
73.69
105.15
81.09
81.05
84.17
44.92
1042.96
79.89
178.8
186.96
174.01
171.6
246.92
103.67
125.64
94.2
164.57
209.79
247.08
360.69
233.56
72.5
119.68
78.78
133.83
174.03
114.14
206.46
169.74
160.98
197.86
136.55
103.84
226.22
178.84
256.13
265.71
320.91
398.4
136.22
87.93
252.06
157.95
246.26
280.93
208.56
228.74
217.98
310.2
288.98
268.75
320.13
180.13
268.49
347.44
295.36
325.56
119.09
66.6
200.2
219.37
255.74
231.03
165.73
297.15
217.72
287
133.9
299.51
317.33
324.02
276.85
247.36
193.14
204.12
237.97
242.38
250.17
300.53
274.26
274.97
288.5
101.43
39.46
54.66
159.03
189.34
229.38
210.06
165.09
239.4
284.11
44.66
116.26
87.08
111.58
101.12
121.3
163.33
176.03
51.62
88.42
84.28
110.55
136.24
163.08
135.43
286.66
79.81
79.54
71.2
181.85
224.06
215.91
227.08
217.93
71.87
90.26
95.08
96.23
87.67
90.92
113.42
174.27
89.44
112.04
137.13
129.86
81.08
161.76
164.76
201.5
261.89
72.71
105.45
124.12
80.19
54.45
114.81
168.89
168.11
441.63
65.74
132.5
171.58
170.92
71.96
113.64
192.55
128.1
194.56
144.09
124.65
225.41
158.33
228.58
246.45
101.29
124.1
114.04
147.88
158.79
238.74
269.03
227.6
108.71
158.89
160.29
205.66
221.46
216.49
184.88
319.96
1082.84
128.93
60.99
185.76
152.56
187.16
121.81
232.67
161.23
144.73
84.39
295.59
222.82
220.47
207.89
297.72
236.05
130.06
148.68
109.6
89.93
160.22
122.29
214.5
233.51
250.32
218.46
66.98
74.93
75.7
66.68
105.47
96.95
90.43
97.33
145.43
164.22
65.22
68.12
77.11
53.26
65.93
100.84
110.76
102.04
106.53
154.3
46.8
152.66
189.73
193.36
56.09
267.58
223.7
278.8
320.65
283.6
331.18
56.83
48.46
71.45
63.32
79.01
1085.42
14.82
89.15
108.88
75.48
133.39
72.26
96.17
95.29
84.09
84.84
138.94
178.54
148.22
78.6
80.58
79.66
126.58
112.08
145.21
109.79
164.88
176.11
63.84
79.16
170.49
171.55
114.52
110.61
204.53
208.5
82.48
203.06
216.37
240.45
271.42
238.78
283.76
62.89
94.69
104.94
228.2
201.61
229.17
165.82
259.68
183.35
298.4
308.39
397.04
114.71
110.42
74.82
1082.76
184.68
167.27
203.3
189.73
225.76
80.52
113.04
189.92
160.32
178.94
249.15
258.14
123.98
200.3
255.13
263.04
279.65
274.13
280.91
247.89
305.39
302.31
359.76
103.69
90.83
117.81
158.28
171.73
224.51
116.35
146.7
177.94
223.71
239.03
283.13
104.66
102.76
133.03
62.26
155.96
154.63
195.92
87.57
88.3
108.08
225.44
189.78
130.1
149.84
169.43
293.13
208.82
283.13
307.18
334.48
104.82
103.47
157.39
135.33
174.09
170.97
242.97
203.92
284.94
318.92
225.46
234.62
306.63
314.72
213.39
366.87
107.94
134.71
140.38
163.85
102.89
184.34
192.57
115.13
67.66
63.68
63.39
82.87
153.62
131.88
147.23
174.52
86.73
174.37
195.65
74
75.77
89.39
90.04
92.11
147.14
170.4
51.53
51.67
64.7
68.17
63.6
99.12
108.47
85.06
122.74
123.33
116.7
104.3
146.09
52.3
122.43
77.44
76.96
97.07
91.31
165.17
106.26
222.6
131.58
230.34
133.79
152.67
243.22
198.46
266.32
43.47
59.49
88.32
104.4
104.2
111.65
102.93
114.9
91.49
145.07
140.86
130.13
93.09
184.62
97.3
137.28
71.25
82.8
72.98
96.78
86.75
80.11
68.3
82.71
41.66
42.87
40.95
51.33
65.22
98.16
96.88
122.25
127.28
141.59
83.55
74.55
98.1
68.46
192.84
101.23
100.4
117.73
218.78
143.11
235.54
232.5
265.71
251.88
276.48
29.09
154.72
135.96
120.32
101.8
127.09
223.74
235.78
242.84
274.99
173.37
445.69
97.97
58.54
73.94
72.19
78.15
116.57
136.07
122.49
142.3
101.5
100.24
104.33
130.77
145.54
123.41
193.19
187.54
199.01
237.09
71.83
108.47
121.62
183.64
169.03
203.15
236.87
329
242.89
77.32
56.79
115.72
109.66
129.15
91.31
118.71
110.14
143.75
147.47
126.99
174.58
174.8
89.21
144.59
188
69.16
173.54
145.39
236.87
195.68
59.38
68.48
1067.39
80.6
87.9
63.32
115.68
114.78
117.21
136.21
36.37
57.72
85.78
82.23
92.72
77.44
102.87
93.14
170.48
60.38
70.86
84.61
90.01
71.43
111.49
104.56
89.14
201.28
72.36
83.42
114.46
106.13
135.22
116.82
155.01
165.33
243.41
117.53
133.98
149.7
145.95
138.96
142.64
191.09
190.62
241.07
58.6
90.84
82.68
128.65
145.9
115.63
161.13
137.71
61.33
96
29.31
82.58
106
105.15
91.58
132.78
147.7
189.87
41.51
157.05
164.19
163.28
185.41
170.25
229.24
248.22
280.99
67.65
87.22
102.88
101.07
107.81
51.59
186.07
141.89
84.56
204.56
207.4
70.86
86.33
73.92
90.83
80.05
91.19
102.8
118.88
51.47
65.27
83.22
103.86
95.34
102.3
147.48
99.81
109.42
105.12
121.81
68.55
149.65
174.28
190.86
202.93
43.7
79.84
112.56
109.07
171.55
125.82
234.13
104.34
267.21
209.25
206.51
293.51
112.19
50.29
128.41
41.66
164.16
41.53
206.58
201.3
136.87
232.51
252.75
29.25
103.39
141.58
117.45
151.56
161.85
150.2
65.57
150.98
185.48
179.86
126.86
139.24
225.66
139.14
238.96
270.74
198.78
298.55
290.48
324.68
290.42
372.64
373.89
49.9
66.44
76.51
169.77
140.58
173.56
221.33
224.45
92.56
262.55
285.34
285.92
318.89
287.26
75.83
71.67
95.58
104.84
84.91
123.84
129.49
155.45
174.59
78.33
52.61
35.68
126.44
86.62
180.49
153.82
162.95
187.68
217.89
233.46
262.31
74.95
79.42
122.17
150.91
161.04
195.65
181.02
218.49
239.91
75.42
85.59
94.35
116.21
98.74
82.64
120.07
129.6
119.47
48.61
93.13
71.84
130.86
60.93
78.1
172.58
165.67
200.78
185.24
227.22
226.53
234.03
60.34
88.37
56.91
85.61
50.42
167.45
195.53
149.92
208.17
182.41
225.86
302.55
32.73
74.81
137.07
74.15
89.18
170.38
180.46
185.78
172.92
101.66
44.08
163.84
106.58
199.99
210.27
174.29
49.26
71.1
118.19
127.24
57.73
141.67
50.44
167.14
168.83
257.43
40.12
44.62
44.92
47.2
49.65
77.19
83.51
45.47
52.15
53.04
58.31
51.73
61.64
95.3
115.42
70.25
84.22
101.53
74.48
120.67
96.98
125.84
130.41
366.9
230.22
341.17
380.65
130.95
371.55
80.78
103.86
124.7
172.86
96.79
158.36
148.77
278.12
47.18
60.72
69.35
85.75
122.98
241.73
117.39
159.26
281.36
362.23
180.12
108.16
285.8
267.8
105.39
268.04
229.04
121.28
212.56
117.76
235.57
101.16
240.69
80.52
85.41
112.77
183.77
107.67
146.27
169.21
208.73
117.24
197.64
104.41
221.05
205.36
62.32
112.33
140.94
114.18
248.89
132.05
179.42
113.69
136.09
181.85
205.83
261.11
298.98
400.35
106.48
194.6
185.3
301.28
308.9
179.49
293.11
78.34
124.74
152.27
163.19
160.82
187.4
234.02
261.05
128.03
132.84
158.69
255.63
233.29
280.32
279.31
310.87
157.46
282.1
133.89
266.74
344.6
115.02
134.67
79.93
85.98
1099.89
127.3
65.57
105.41
218.22
68.65
80.57
115.79
68.92
63.48
57.04
89.66
102.13
241.55
133.9
132.48
190.62
191.95
232.1
59.95
113.15
215.82
151.54
68.26
156.63
94.82
178.71
154.36
239.25
178.13
192.24
1063.54
152.86
147
152.27
61.22
163.79
90.96
64.38
111.64
182.69
226.45
91.15
61.37
139.11
69.88
69.37
164.27
176.25
88.05
211.99
187.63
165.54
116.96
88
44.41
86.24
124.4
182.31
55.73
72.44
153.97
148.22
143
131.26
131.46
195.51
204.65
70.76
186.11
129.69
128.82
200.92
83.8
153.37
102.07
44.2
73
122.88