182.92
189.46
217.9
241.37
228.69
248.63
357.88
150.74
171.16
60.41
90.69
119.4
122.67
101.63
60.82
90.91
107.42
132.13
135.76
184.66
76.97
82.06
73.75
88.79
111.13
106.41
138.18
91.58
72.79
98.18
102.7
87.01
88.68
102.87
70.45
1169.52
166.21
53.52
78.84
93.38
103.97
120.21
86.29
99.51
113.3
84.27
104.38
145.18
138.8
55.09
70.6
48.44
74.24
181.65
319.25
76.86
100.39
203.88
84.68
111.63
124.09
78.1
119.37
129.75
119.07
161.6
76.22
99.26
147.69
55.29
142.55
101.53
86.84
140.99
91.33
246.68
237.85
298.61
34.29
60.4
54.13
49.97
72.82
144.44
39.33
46.48
42.73
61.91
76.45
69.23
208.06
30.07
68.38
75.88
56.72
78.02
87.89
58.51
53.59
72.88
100.29
100.14
85.43
99.98
109.38
71.39
63.11
72.24
89.36
99.35
166.65
81.6
88.89
93.85
77.7
88.42
103.64
94.75
129.79
169.2
73
71.76
98.08
90.17
106.51
79.46
48.72
83.25
101.27
101.59
136.82
106.91
35.86
35.77
59.97
79.51
112.36
155.37
318.78
38.71
103.28
71.25
85.91
92.95
105.04
94.57
38.77
74.55
80.65
57.41
85.44
129.18
114.53
87.28
97.32
88.1
116.4
33.92
126.11
37.17
48.36
108.05
163.55
184.91
49.57
98.26
111.58
111.55
68.53
82.74
92.52
85
79.97
83.08
81.72
79.05
109.03
59.05
88.37
88.63
116.08
78.17
61.44
92.96
86.79
130.62
164.15
80.5
65.87
96.65
87.93
108.62
66.17
86.28
87.16
84.77
97.62
78.3
76.5
33.75
69.46
72.6
128.39
168.14
60.17
97.84
71.27
71.33
92.03
164.28
18.48
37.86
83.83
59.32
68.55
90.22
96.87
78.12
94.06
111.03
94.14
88.05
102.1
105.66
47.88
63.93
52.56
85.26
80.27
78.65
79.46
78.96
80.79
99.62
321.09
61.24
51.39
65.16
67.8
84.09
73.34
84.98
79.81
55.95
69.4
104.16
95.91
90.64
73.29
172.15
108.32
75.13
73.42
83.16
99.14
154.34
104.28
126.15
189.42
26.67
69.32
67.11
74.63
220.04
92.88
94.46
97.04
38.45
46.03
86.75
94
101.53
88.1
75.23
108.91
98.88
102.72
93.63
103.78
42.44
71.04
63.23
79.8
107.55
100.55
19.04
57.28
58.04
62.84
77.23
107.11
90.8
92.29
57.44
52.87
117.73
96.19
121.58
218.3
275.67
57.88
82.5
112.1
39.54
67.35
57.49
73.66
85.33
58.54
86.26
83.03
56.27
92.62
73.07
55.06
100.24
240.09
61.11
39.83
112.45
116.37
64.21
60.12
92.88
99.69
135.62
42.17
27.86
44.01
77.51
34.92
42.39
52.84
76.49
57.17
66.08
98.6
22.87
73.94
82.64
53.15
42.52
61.42
84.54
106.39
145.95
88.38
87.82
108.9
107.69
110.22
218.1
84.52
92.52
70.83
71.79
121.38
99.61
32.68
57.9
94.29
94.38
67.64
70.62
92.87
102.55
101.39
121.13
114.38
48.12
65.46
71.78
42.23
59.17
103.95
96.62
69.2
16.32
40.98
74.85
75.76
120.9
22.28
38.06
70.14
89.65
83.16
74.18
95.23
66.6
86.16
56.39
77.45
84.57
73.95
104
42.45
44.48
91.49
96.55
112.32
68.46
64.21
71.3
71.75
59.02
76.99
65.32
71.41
110.19
65.87
48.25
70.58
200.53
22.03
76.82
83.04
96.36
125.59
123.99
76.08
74.15
94.96
85.12
55.51
81.5
89.01
137.71
232.38
73.38
88.87
78.16
75.13
76.86
131.83
183.96
59.2
17.62
71.54
54.8
73.93
51.23
60.97
78.74
67.94
79.49
103.32
84.06
59.14
64.83
113.35
70.89
32.06
81.37
78.73
79.63
102.94
120.5
113.76
92.39
87.98
79.76
94.62
32.61
81.13
38.25
40.63
98.13
85.8
87.91
58.59
58.01
64.37
118.49