144.15
106.54
154.21
54.31
28.83
47.07
61.34
53.73
55.65
60.61
59.75
161.89
60.56
65.38
57.05
138.55
54.93
28.04
55.83
57.3
30.22
54.27
57.15
27.21
51.35
59.76
62.23
29.05
35.7
23.07
53.85
48.82
50.1
59.8
64.54
29.36
61.79
25.29
39.65
53.99
58.19
24.88
60.53
65.34
54.28
57.37
56
59.38
39.53
60.46
83.92
44.98
75.35
56.51
97.42
30.4
59.82
68.68
79.72
9.17
62.01
86.35
30.29
62.4
77.59
54.65
51.81
26.61
58.38
52.19
53.86
71.29
81.69
76.83
54.73
58.22
37.18
48.83
52.32
50.13
53.61
69.17
69.65
117.52
24.79
60.46
58.97
52.73
58.43
47.73
54.22
61.47
53.8
30.9
53.15
58.37
24.7
26.76
39.62
57.67
56.26
55.76
25.05
56.83
61.8
69.35
48.03
55.67
28.12
41.51
27.2
56.62
48.46
65.23
46.74
39.03
56.06
36.45
47.76
51.08
24.06
24.82
55.67
25.77
53.86
58.44
36.09
12.13
28.73
57
19.58
26.79
52.99
37.02
65.71
41.91
28.32
54
56.37
58.66
59.4
61.12
30.1
55.7
58.3
57
24.61
52.25
52.42
52.48
11.81
44.32
27.74
51.65
54.14
30
51.21
47.73
23.52
30.74
44.51
62.41
55.69
65.57
30.79
57.15
56.4
51.6
25.63
72.11
22.79
30.05
55.89
52.92
52.23
12.61
57.09
121.17
24.05
56.77
58.67
49.98
60.16
76.22
26.63
44.49
51.29
62.55
53.71
58.9
60.91
62.46
60.48
25.69
49.69
45
58.97
55.19
37.01
89.33
178.08
26.71
27.61
30.09
55.01
46.74
46.18
52.09
20.32
45.33
44.85
64.15
50.84
57.81
26.21
27.64
74.55
53.29
55.27
49.75
30.09
27.59
56.82
17.05
54.29
25.27
27.59
48.93
25.05
27.32
52.25