178.33
176.47
178.59
40.36
1167.35
92.94
100.42
126.55
131.8
103.43
46.39
65.24
116.01
68.59
183.38
48.69
109.31
26.46
101.76
112.7
48.76
95.77
106.53
46.33
89.47
84.33
71.76
87.68
88.83
111.52
87.47
97.56
46.85
153.16
149.13
163.12
175.71
107.15
122.95
122.54
124.1
57.02
90.45
99.95
48.89
129.5
128.35
37.04
146.16
42.91
44.21
121.53
51.92
73.59
86.42
93.07
75.87
186.15
101.82
76.49
113.9
113.74
34.24
91.97
107.06
30.42
84.55
101.82
77.47
66.93
218.64
219.87
83.7
44.85
85.52
116.76
84.53
47.66
56.55
88.07
75.43
85.87
90.83
107.8
75.87
66.45
85.21
84.28
90.21
52.52
85.77
108.75
39.9
98.18
106.45
74.02
91.66
101.88
31.31
48.05
66.77
81.56
83.27
72
101.64
39.32
104.67
104.43
35.39
63.81
84.23
37.22
77.22
77.44
72.05
83.96
104.1
101.71
26.34
86.89
100.16
108.51
94.65
92.36
84.73
85
74.77
87.09
97.58
77.83
112.61
68.33
103.03
60.65
82.75
58.9
85.59
93.88
146.74
72.6
80.34
82.59
27.19
107.76
91.74
70.66
26.77
61.67
95.05
175.16
74.06
85.82
31.85
105.8
107.28
67.45
156.96
30.23
69.61
97.32
23.11
74.05
95.02
78.58
89.84
27.65
53.53
59.88
85.53
95.83
34.16
83.05
28.58
98.7
131.56
36.01
71.67
98.94
32
56.39
1104.31
39.84
64.06
65.22
22.39
94.97
138.28
30.75
69.42
35.44
38.87
62.48
64.03
68.65
70.3
95.87
14.88
73.29
88.12
95.13
71.64
80.18
122.58
18.57
157.46
30.32
87.75
73.38
98.57
106.65
30.58
88.19
161.73
63.98
133.04
74.51
75.14
75.11
94.66
44.11
131.25
138.69
29.82
72.65
75.3
99.21
67.67
62.58
83.82
137.61
73.48