105.23
123.3
158.4
95.76
96.74
97.93
130.7
101.33
98.69
158.51
85.26
66.82
69.64
91.46
73.79
112.55
92.07
111.34
75.71
143.76
81.66
107.83
48.38
103.61
69.42
95.86
101.38
127.67
129.81
52.01
74.67
97.9
26.33
97.71
150.13
44.33
97.51
71.58
98.94
99.36
102.73
68.62
35
71.12
32.43
113.03
128.24
75.6
103.5
106.13
78.29
109.62
63.81
37.35
66.84
51.07
71.03
102.93
81.28
86.36
69.95
83.24
103.7
85.81
77.3
127.42
56.04
67.86
46.06
69.87
96.33
81.26
121.37
94.53
116.02
64.73
86.08
88.54
106.32
76.72
85.06
78.43
86.07
137.89
67.91
41.71
76.5
119.02
27.83
58.54
44.44
56.61
66.18
70.4
81.32
79.59
33.48
69.26
94.98
69.26
37.26
72.4
105.83
23.3
83.45
83.26
61.35
84.81
40.35
84.52
92.17
75.31
31.64
62.27
77.87
76.78
13.51
49.77
68.61
33.37
74.04
80.06
72.36
65.44
76.25
93.74
93.66
43.63
88.84
32.37
93.27
91.25
44.3
63.29
31.31
37.68
69.32
78.63
78.26
69
73.99
77.3
63.2
63.5
73.21
49.67
50.01
34
77.06
81.27
51.06
94.18
72.17
81.56
253.08
47.6
66.35
94.84
25.1
66.2
40.68
66.5
66.55
72.25
63.06
38.54
136.17
37.42
92.87
75.59
75.14
81.67
72.73
73.99
62.24
22.97
78.51
80.48
75.34
75.57
43.9
89.94
71.4
171.48
50.15
94.67
71.53
73.75
21.01
132.39
55.98
75.35
72.02
78.44
137.38
67.36
72.66
76.5
26.37
96.61
136.22
27.52
75.82
95.98
62.66
46.45
74.51
161.75
29.16
68.1
31.08
52.99
126.78
56.05
76.47
130.19
37.8
44.58
29.79
77.13
55.78
83.34