243.03
219.89
241.3
203.05
250.25
265.01
286.78
296.73
231.05
193.47
205.33
217.86
153.58
191.65
224.17
215.21
284.18
210.48
335
57.33
57.4
73.96
114.27
103.44
121.55
134.93
68.11
139.57
151.97
159.23
208.63
232.45
240.11
255.66
267.38
295.87
315.84
56.08
41.85
75.82
113.5
125.67
130.44
143.65
90.59
219.38
29.1
63.89
73.13
88.6
112.15
113.67
145.2
60.02
1053.66
72.17
89.82
109.13
141.22
127.38
177.93
160.34
190.86
200.9
39.6
78.32
76.83
95.84
91.83
121.61
112.12
128.1
131
94.16
72.71
83.23
135.09
112.51
166.5
169.08
1094.02
99.83
116.23
130.19
151.43
152.92
173.38
171.51
186.27
141.48
154.54
6006.13
140.5
58.12
80.85
64.24
73.31
108.7
243.18
243.38
254.45
238.41
226.11
282.14
309.89
329.01
334.61
100.7
119.45
93.82
109.21
151.09
150.06
167.31
158.86
183.61
205.74
91.07
113.68
152.08
233.39
244.56
286.06
314.02
274.79
389.3
460.63
70.37
96.49
108.86
122.14
148.39
168.24
128.55
139.66
179.34
263.21
28.12
83.97
105.15
114.22
128.77
129.11
136.64
150.56
115.05
142.95
32.18
65.55
113.54
84.17
118.89
123.19
138.15
127.46
88.27
86.4
88.63
115.08
109.87
128.37
138.76
97.74
139.32
152.43
159.53
167.7
145.61
189.8
315.89
274.32
65.47
57.65
73.65
85.45
95.66
139.86
129.87
243.44
32.5
40.51
41.96
44.49
44.1
26.47
33.65
1057.67
71.54
98.38
85.48
86.91
119.53
140.78
150.8
153.37
265.5
370.83
66.69
45.75
81.47
96.55
122.89
109.45
106.4
86.72
121.68
86.6
89.84
139.21
101.95
117.73
129.7
120.12
65.83
88.92
123.75
159.51
178.17
75.4
136.47
137.96
192.01
174.93
256.12
65.7
85.79
85.34
91.12
90.81
122.83
148.96
157.6
63.72
66.42
84.45
90.23
92.82
138.81
126.37
76.61
101.27
86.14
123.39
153.26
138.53
143
202.92
304.61
73.27
77.76
138.13
79.47
74.39
174.01
200.18
190.35
237.09
39.86
332.44
290.63
54.65
53.15
70.36
65.97
56.01
61.85
93.98
74.5
213.84
60.67
42.51
92.47
113.68
116.69
144.22
63.25
159.85
186.46
92.61
109.62
105.89
116.85
73.4
190.22
88.67
105.85
122.85
104.17
179.42
190.63
37.6
35.77
55.26
94.59
114.67
104.42
138.29
214.87
64.09
107.28
125.49
190.72
285.82
276.26
75.16
95.15
1098.37
74.97
172.77
165.37
120.24
225.93
188.06
154.53
231.03
248.33
46.25
42.11
71.93
84.39
73.58
62.68
95.04
99
140.54
172.39
106.25
109.85
100.92
93.31
97.15
124.97
122.35
126.8
163.08
230.22
80.96
82.3
111.05
79.58
88.22
70.86
153.01
162.02
157.72
204.66
124.35
191.26
149
192.51
55.59
153.85
223.8
238.54
51.24
239.91
240.45
215.74
173.91
253.06
148.3
246.71
122.61
182.41
312.13
284.43
420.57
49.48
51.01
60.85
91.72
70.93
98.87
116.86
132.6
122.43
41.08
46.13
80.75
41.26
147.9
176.6
255.03
240.54
274.45
195.56
178.14
51.83
89.17
100.38
115.65
121.2
140.43
159.39
216.85
69
73.41
71.17
80.6
98.36
92.74
135.61
164.95
115.08
56.47
53.24
63.72
80.55
54.11
117.7
200.75
224.6
209.57
261.27
262.29
230.46
292.48
342.87
351.34
25.15
50.58
51.53
56.3
36.46
54.95
86.82
97.14
53.87
77.95
94.51
96.72
1078.26
105.61
99.59
118.42
147.49
141.93
75.22
93.72
95.28
109.74
96.35
88.65
97.6
165.76
163.52
63.02
92.1
84.09
87.5
136.89
98.69
93.52
112.99
108.68
67.15
96.5
91.26
60.94
68.29
120.64
139.47
244.61
184.57
305.9
59.06
47.84
81.64
94.87
108.87
84.08
89.75
134.16
74.31
45.63
59.37
60.18
72.74
53.22
91.68
83.64
97.77
92.86
79.88
50.54
51.38
48.36
63.45
56.39
58.32
110.73
91.8
77.4
86.64
150.25
155.6
51.98
68.13
100.85
81.76
84.36
119.98
138.34
97.15
120.26
147.97
87.73
110.48
89.14
125.25
80.29
192.63
252.64
286.2
293.4
319.25
52.18
31.84
70.58
70.85
59.26
53.93
65.26
64.51
70.97
73.78
72.24
68.48
89.73
84.18
83.19
68.7
124.34
243.22
50.77
69.2
93.77
113.26
127.66
146.27
287.59
77.35
82.77
89.45
115.72
164.54
149.06
206.32
196.9
212.35
54.48
69.26
110.84
36.8
116.39
132.21
160.39
147.1
193
186.64
225.05
82.82
147.69
171.66
67.76
87.12
173.53
169.97
130.11
178.08
247.6
234.92
212.79
211.23
290.18
47.61
76.84
84.75
86.25
89.97
121.72
96.7
79.86
136.99
50.79
68.38
61.19
41.92
93.22
108.79
120.96
117
72.28
74.68
301.74
69.93
64.18
60.06
108.9
97.15
109.87
122.85
170.38
67.96
136.42
134.5
174.65
80.55
196.41
229.89
231.93
206.79
70.89
66
101.15
50.75
113.05
48.31
121.47
175.13
177.27
200.88
250.64
256.75
59.61
61.52
89.28
76.81
88.05
69.02
97.09
153.72
155.74
80.41
86.88
85.18
82.1
122.76
98.06
119.36
145.65
41.04
66.76
75.03
93.12
90.13
92.72
85.98
118.92
187.61
159.15
161.39
149.69
172.32
94.55
231.67
234.47
264.79
288.61
324.18
190.5
45.39
73.14
63.09
86.95
107.78
78.86
99.14
101.63
124.06
57.97
56.59
57.29
42.45
84.2
74.91
96.97
87.2
85.57
86.79
71.83
87.34
99.3
133.04
151.29
174.81
207.92
19.86
40.73
34.43
52.67
47.34
71.86
42.75
78.96
39.89
94.62
98.74
124.09
117.73
108.56
140.39
124.33
253.06
69.44
84.62
84.53
97.32
124.19
146.39
223.53
167.77
270.67
27.07
28.52
21.13
44.01
42.53
44.77
29.63
134.09
88.28
71.23
65.44
80.18
82.27
130.47
86.73
84.15
68.94
68.26
61.78
67.04
67.61
159.36
180.08
63.62
66.47
1060.2
89.7
89.38
104.18
74.28
118.59
64.46
70.51
107.04
121.11
79.3
115.09
162.96
243.23
75.53
74.45
85.43
111.24
102.54
108.71
38.67
183.98
209.34
192.53
315.82
77.73
52.58
103.64
103.89
74.06
91.8
250.35
134.16
123.88
138.88
64.11
42.11
62.38
75.73
80.57
74.23
70.18
99.01
92.52
114.32
54.77
71.98
50.91
89.59
49.42
109.71
44.98
149.83
158.04
113.41
131.41
160.43
74.48
132.5
157.12
167.13
97.98
168.9
172.21
160.19
215.4
67.64
196.66
87.93
97.23
106.6
114.02
129.12
122.52
145.68
143.04
154.55
115.03
35.19
31.8
57.24
55.64
65.73
77.26
54.91
75.95
72.71
64.23
55.37
61.82
66.52
66.86
58.48
112.58
96.44
124.15
59.53
66.33
68.13
68.51
106.31
112.1
110.62
120.09
58.05
68.88
64.46
71.1
93.53
98.27
86.45
106.67
168.35
75.36
239.71
66.69
83.68
100.63
103.46
117.22
104.84
134.44
188.73
188.74
169.16
86.89
108.09
104.94
107.81
76.02
114.53
63.66
53.18
75.48
179.53
213.02
239.59
215.83
98.23
169.6
85.26
174.31
154.02
93.27
86.97
133.08
217.63
230.33
233.6
216.44
254.72
244.87
46.37
50.27
79.81
66.26
83.04
92.79
123.85
165
84.77
123.67
80.98
135.96
170.91
195.49
259.83
115.91
38.54
40.61
58.19
84.6
60.76
85.19
125.4
184.81
69.49
71.24
82.65
75.17
88.53
104.74
102.4
113.99
42.87
68.25
80.67
121.17
145.97
57.08
173.89
199.26
165.68
208.39
185.31
83.64
111.46
108.2
79.39
121.92
73.77
131.24
166.18
122.58
163.7
57.12
79.25
68.77
75.99
73.36
78.21
84.3
73.7
160.66