166.78
202.01
228.92
180.63
97.6
84.34
116.52
101.56
76.17
94.19
38.09
87.55
81.61
104.63
98.93
100.07
103.65
109.35
140.78
61.31
39.52
99.39
100.55
80.21
77.47
143.96
91.7
31.37
47.46
92.79
118.53
46.27
97.93
80.37
89.97
121.88
79.86
118.3
88.96
98.93
107.14
89.96
79.96
106.58
48.25
47.79
113.19
107.59
118.95
107.59
101.54
106.84
144.42
105.82
81.75
98.45
138.96
78.3
90.73
106.27
94.88
88.85
78.66
104.85
50.09
86.93
82.03
94.43
94.05
86.21
80.27
129.36
147.48
66.33
81.99
83.45
59.47
77.25
62.3
93.7
42.54
72.31
97.65
93.72
95.19
75.51
45.65
96.08
49.87
66.06
102.48
99.54
77.81
110.21
82.11
75
120.22
91.57
131.95
72.1
90.94
39.86
75.89
75.82
89.02
95.47
94.12
49.92
75.91
70.39
89.38
49.93
89.11
87.18
89.83
96.65
97.34
107.12
130.87
86.42
94.83
73.84
76.8
41.99
85.36
116.84
70.75
95.41
93.81
82.7
108.06
89.37
71.94
86.22
92.57
81.03
86.45
75.11
102.96
105.26
80.38
96.46
63.86
98.72
90.04
30.86
96.32
85.04
68.69
80.13