199.64
241.35
251.55
236.3
328.34
297.23
338.62
338.29
168.05
326.39
176.5
171.89
138.4
215.2
141.88
225.56
210.67
161.2
244.23
246.72
321.99
364.27
49.79
51.63
72.17
62.38
58.4
49.21
87.69
71.94
107.88
102.24
105.2
160.17
299.32
77.9
87.79
83.31
80.54
1123.48
106.3
140.67
154.58
162.87
226.26
40.81
61.3
73.53
72.98
79.44
73.32
64.9
98.27
68.15
72.05
67.86
89.31
101.06
39.39
66.82
65.9
81.3
73.97
94.84
67.33
68.41
74.7
84.26
78.15
144.42
213.8
67.87
95.94
78.93
89.29
92.5
63.45
74.53
112.7
105.55
110.08
138.46
146.73
106.14
136.9
100.5
133.71
100.71
141.57
100.46
135.45
147.29
186.23
268.73
290.29
289.67
84.89
84.21
168.91
143.45
167.93
72.89
86.22
76.74
94.28
112.53
63.62
77.01
104.7
85.58
121.78
176.68
147.49
162.28
143.51
81.99
80.64
75.88
99.84
114.48
119.4
122.72
123.38
69.34
54.3
92.17
87.06
105.45
78.33
184.33
77.08
94.55
120.59
129.54
126.21
132.43
44.98
49.08
94.35
103.15
154.38
148.42
189.74
160.31
36.66
60.11
45.1
59.21
43.64
51.06
73.28
89.75
39.75
47.12
86.13
83.63
147.26
138.07
91.9
80.02
94.99
103.04
127.15
53.39
122.29
63.31
84.63
72.33
81.65
145.66
151.28
298.22
299.04
48.85
115.05
123.28
153.68
180.77
211.08
232.5
172.97
71.76
112.95
137.86
159.24
189.27
194.69
104.32
243.53
294.05
294.32
305.52
380.17
376.56
379.92
40.09
38.36
46.81
33.18
75.74
80.04
94.87
93.45
104.39
101.64
56.04
58.37
78.52
71.71
90.88
81.54
140.34
152.31
156.88
69.61
89.61
87.69
77.47
126.73
84.24
72.97
93.8
89.48
81.19
102.64
92.44
94.36
78.43
95.24
72.96
66.72
83.02
85.69
134.35
77.9
123.48
69.91
47.95
115.82
73.05
100.06
83.64
136.29
149.63
77.61
94.83
123.89
138.94
198.17
176.1
66.7
91.41
87.29
105.36
84.88
87.99
105.94
126.13
162.06
60.85
75.68
89.05
89.8
103.05
82.04
130.89
100.92
142.15
35.64
67.63
70
105.54
77.73
125.58
100.33
116.07
131.65
91.33
68.85
72.98
85.4
150.41
199.77
197.58
142.48
188.43
1038.49
61.23
67.66
59.48
67.1
83.92
85.43
72.5
58.13
74.76
50.03
108.18
99.76
128.13
46.74
80.45
94.88
72.91
115.83
108.13
109.93
172.08
188.53
75.68
104.05
94.98
86.07
119.9
82.06
144.16
208.91
77.13
71.94
86.42
89.43
104.64
102.45
71.51
73.32
94.86
99.3
100.47
138.08
152.58
146.16
91.93
70.18
66.37
85.98
90.11
88.46
112.27
112.62
77.6
140.24
155.47
135.23
214.3
192.48
110.21
109.9
135.66
120.54
166.66
200.99
211.24
230.76
309.05
288.84
57.34
68.5
86.58
89.78
106.34
45.84
96.74
80.95
83.87
251.47
46.78
74.4
71.02
83.71
85.57
103.8
127.37
75.23
201.09
227.44
122.03
86.66
93.17
100.26
90.86
54.48
113.45
54.76
63.48
98.85
87.64
125.38
87.88
95.21
101.37
118.83
92.54
65.36
135.73
148.49
191.26
231.64
48.29
56.37
82.81
70.71
53.09
90.99
338.38
67.63
75.93
76.73
73.9
55.96
70.28
87.59
59.96
64.13
60.51
88.49
98.02
133.33
55.18
49.23
68.17
88.58
90.24
79.72
63.93
76.63
92.53
108.63
126.35
92.06
116.07
100.68
56.69
77.74
86.28
95.97
111.61
145.19
132.35
70.24
85.01
56.66
97.47
124.42
141.79
114.69
107.69
85.76
89.72
142.68
135.21
158.32
61.23
82.91
102.63
88.5
84.92
120.36
73.73
65.61
76.82
92.43
74.57
96.83
95.99
103.97
126.78
131.49
61.39
107.81
147.67
198.39
50.57
54.25
65.18
88.31
86.02
92.81
93.95
149.48
109.93
41.26
40.84
59.13
52.87
74.86
91.48
68.71
78.68
74.56
57.89
58.67
53.76
102.55
81.55
113.13
48.96
91.49
79.28
79.64
69.14
84.32
104.68
99.79
99.77
83.02
139.23
161.29
68.43
93.73
93.36
91.04
61.79
69.15
84.05
95.43
1114.17
63.18
100.35
91.07
93.64
107.51
84.5
150.61
55.1
62.05
53.81
77.01
80.48
74.54
62.09
51.39
56.52
60.66
99.49
104.06
100.49
131.79
139.06
181.67
39.22
56.74
32.26
77.4
73.67
68.96
88.73
76.07
62.07
94.65
17.56
29.04
24.24
32.48
18.82
29.32
32.84
27.35
37.64
89.65
108.2
125.94
147.39
191.41
48.1
64.14
66.64
89.28
97.18
101.72
76.09
133.79
164.02
80.67
77.8
106.42
131.48
130.06
173.97
190.49
239.34
274.93
53.56
50.89
65.95
90.02
67.14
51.05
136.23
75.07
89.96
159.65
67.65
78.1
107.12
102.09
99.99
106.36
119.16
80.82
136.95
75.49
58.02
90.73
73.11
89.92
79.63
91.4
74.59
35.93
85.82
69.21
135.17
163.43
108.07
170.65
43.07
59.07
62.67
79.05
105.36
113.09
204.97
56.3
79.52
81.38
92.86
137.16
135.06
51.65
56.35
95.06
82.9
126.14
100.5
104.54
134.59
212.97
42.93
76.49
61.93
86.15
79.71
86.23
130.22
67.05
76.86
93.53
61.33
76.16
61.11
60.14
80.12
102.26
97.13
109.99
131.68
41.03
63.48
76.15
73.42
80.99
93.92
43.8
77.68
85.7
65.61
81.19
91.82
86.03
76.58
98.21
99.69
59.19
64.19
54.83
112.56
62.05
181.08
42.31
116.02
80.21
35.73
27.16
41.93
51.08
39.11
36.96
54.82