[9816
,8422
,8580
,8034
,8581
,8350
,8687
,8642
,8597
,8174
,8292
,8857
,8261
,8740
,8828
,8850
,8520
,8807
,8055
,8615
,9763
,7919
,8696
,8757
,8515
,8311
,8158
,8064
,8694
,8359
,8560
,8826
,7992
,8457
,8860
,8016
,8801
,8900
,8695
,11719
,8923
,8343
,8131
,7799
,8293
,8552
,8550
,8542
,8269
,8591
,8292
,9220
,8547
,8460
,7835
,8213
,8097
,8460
,11008
,9149
,9584
,9027
,8892
,7990
,8812
,8371
,7973
,8548
,8742
,8335
,8684
,8872
,8083
,10393
,9018
,8803
,8736
,8281
,8246
,7980
,8409
,9044
,8873
,9182
,8267
,8109
,8842
,8286
,9786
,8490
,8065
,8352
,8165
,8306
,9064
,8505
,8365
,8388
,8194
,8481]