[2237
,2034
,2146
,2177
,2123
,2128
,1574
,2106
,2111
,1520
,1322
,2225
,1581
,1887
,1677
,2188
,1586
,2084
,1904
,2062
,1831
,1225
,2030
,1829
,1417
,1598
,1630
,1592
,1932
,1289
,2119
,1949
,1297
,1451
,1463
,2028
,1345
,1954
,1641
,1890
,2230
,2229
,1614
,1318
,1587
,1619
,1794
,2089
,1586
,1938
,1678
,1902
,2157
,1647
,1919
,1412
,2028
,1629
,1507
,1823
,2479
,2161
,2099
,1295
,2045
,2004
,1681
,1883
,1387
,1328
,2139
,1683
,1818
,1407
,1916
,1984
,1776
,1311
,1903
,1445
,1864
,2308
,2090
,1424
,1559
,1472
,1335
,1468
,1886
,1660
,1065
,2823
,1856
,2266
,1721
,1637
,1689
,1542
,1419]