[10080
,9810
,9094
,9057
,8541
,10036
,8266
,10226
,8798
,8761
,9685
,9094
,8963
,8877
,8621
,9230
,8812
,9978
,8283
,9780
,8736
,10047
,8354
,8219
,8748
,9888
,8851
,8676
,9187
,8839
,8253
,8878
,9305
,9927
,9104
,8193
,9061
,9945
,8261
,8792
,8647
,8560
,8299
,9189
,9959
,9063
,9288
,8091
,9417
,9438
,9913
,8662
,9414
,9054
,8793
,9535
,8543
,8641
,8497
,9982
,8351
,9419
,8281
,8606
,9691
,9429
,9352
,8743
,8263
,9038
,9402
,8343
,9857
,9263
,8424
,10291
,8917
,9211
,9639
,8193
,9962
,8446
,8238
,8573
,9978
,9118
,8325
,8780
,8981
,8541
,8111
,8666
,8598
,8923
,9519
,8739
,9494
,10010
,9974
,9608]