[1765
,1774
,987
,2205
,2548
,1654
,1918
,1596
,1763
,1458
,1670
,1364
,4853
,2649
,1435
,922
,829
,2123
,2399
,2231
,1044
,2581
,3787
,1896
,937
,1906
,2446
,2656
,1097
,1060
,2486
,1332
,1015
,1278
,1762
,1089
,4299
,2895
,4033
,2360
,3159
,1592
,1494
,895
,1435
,1599
,1869
,2130
,1098
,2300
,1705
,5684
,5220
,1458
,1738
,1661
,1255
,1170
,2312
,1483
,2180
,1923
,1397
,2104
,1829
,1945
,2283
,1958
,1669
,1328
,1609
,2070
,3420
,2081
,5517
,4700
,2532
,2180
,961
,1768
,1452
,1137
,1811
,812
,764
,1686
,2747
,1292
,1618
,2400
,1527
,2229
,1921
,1639
,1836
,882
,2499
,1384
,2218
,1841]