184.49
177.65
172.02
143.52
145.6
86.9
101.87
113
113.96
68.84
111.58
108.55
98.27
89.57
107.11
109.2
61.5
64.9
67.27
101.07
122.31
78.92
62.01
118.57
98.17
83.06
73.14
82.14
87.77
88.82
83.4
69.38
93.38
86.13
90.33
121.91
80.39
115.49
80.13
103.53
100.39
105.06
97.26
114.24
94.45
92.98
190.54
65.06
95.37
102.93
111.23
110.48
85.27
118.48
156.09
78.27
101.01
98.35
115.19
138.42
247.82
86.11
107.01
24.23
82.42
103.9
46.4
38.25
83.48
83.46
119.6
57.58
107.51
110.81
100.07
81.06
115.84
95.05
113.89
83.11
92.08
124.6
49.49
82.39
99.43
109.85
73.43
81.56
96.67
93.03
142.67
45.71
110.15
199.85
38.12
115.01
116.55
80.79
82.82
108.4
179.48
99.24
110.78
107.32
140.88
65.9
61.53
69.41
66.24
58.29
51.61
96.39
54.3
124.71
87.79
95.85
85.64
119.15
74.83
93
72.65
37.16
52.86
61.41
122.16
60.36
60.86
79.8
60.99
103.59
72.06
75.94
99.06
129.96
102.62
197.31
118.98
71.18
96.79
79.97
77.4
56.2
48.3
87.59
159.25
97.66
40.82
66.32
74.53
50.5
89.06
111.89
80.25
97.67
85.42
97.55
127.97
60.74
60.39
83.73
69.96
42.44
104.35
58.3
70.65
38.38
112.94
87.31
140.05
84.73
122.87
78.38
107.42
128.44
105.59
87.56
64.02
118.8
91.24
109.46
107.29
98.69
110.57
100.69
86.46
53.29
112.41
68.89
67.3
80.55
99.89
105.51
101.34