99.53
132.98
127.55
31.93
34.47
60.81
24.75
62.68
70.18
61.33
62.31
38.68
63.34
66.1
48.7
85.22
122.21
141.38
58.24
58.14
64.49
62.99
59.8
82.97
47.98
26.61
28.3
34.57
40.04
131.68
34.21
47.3
53.55
55.85
34.51
67.98
57.86
33.27
34.34
60.54
28.92
38.48
58.52
55.52
60.01
49.06
27.65
67.66
83.35
26.55
58.6
30.68
57.08
31.35
60.07
64
63.28
94.39
62.66
56.49
61.95
69.29
68.15
68.95
52.01
68.1
24.48
54.75
32.68
37.4
51.81
84.89
61.99
69.13
56.1
53.62
86.01
80.81
48.92
61.94
76.07
90.3
67.9
24.96
26.26
62.76
64.17
66.19
129.57
27.33
44.86
51.51
60.31
57.09
63.29
38.21
88.38
25.18
31.17
36.71
56.83
60.17
70.55
64.18
66.88
28.56
51.38
54.44
67.88
38.63
52.95
59.29
62.33
35.03
44.61
57.39
57.07
59.67
57.16
30.36
59.02
29.13
32.85
51.11
55.7
28.91
52.41
63.71
54.16
94.68
47.6
49.53
64.04
32.21
50.41
53.02
59.66
60.55
30.55
78.76
122.61
41.73
67.26
36.89
34.58
66.23
28.32
54.57
57.98
65.39
29.89
39.96
50.76
54.76
61.65
90.74
138.54
31.4
33.22
59.01
63.92
62.81
66.72
50.02
95.48
55.13
59.56
36.15
35.65
56.34
42.35
46.95
31.42
49.08
58.98
58.45
56.07
68.03
105.95
24.5
59.82
41.16
44.3
47.18
53.87
61.11
47.13
53.99
53.19
50.41
50.81
93.26
28.57
77.12
52.01
58.24
62.3
61.77
64.54
90.64
134.6
42.65
53.47
25.64
61.22
57.75
65.39
75.44
41.86
40.87
43.77
57.91
43.1
58.72
19.83
53.53
60.33
18.31
52.33
26.45
41.26
25.75
56.12
58.07
61.05
59.5
56.59
28.29
36.33
58.81
67.36
95.21
42.5
55.97
60.15
65.73
60.81
26.76
54.51
28.68
54.34
48.4