10689
9953
9540
10269
9851
9652
10659
10517
9530
9511
9631
9572
10465
9638
10064
10332
10247
10331
9715
10571
9311
10730
9515
10123
10289
10554
10603
10453
9674
10612
9873
10546
10295
10478
9606
9772
10334
9779
9663
10048
9642
10335
10225
9652
10216
9695
9823
9625
9967
10530
9361
9810
10197
9809
10222
9763
10131
10294
10888
9442
10619
10539
9600
10594
8913
9172
10375
8733
10261
9040
10324
8734
8726
9098
9164
9500
9060
9047
9150
9968
10412
9490
9363
9325
10011
9380
10218
8860
9642
10148
9645
10673
9089
10346
8941
9866
9157
10616
10350
9634
10198
9453
9623
9172
9279
9517
8776
9329
10039
9597
9623
10434
10023
9069
8977
9525
10067
10728
10683
9308
9117
9510
9552
8981
10386
10143
9943
9970
9861
9028
10452
10555
9221
9245
9090
8964
10217
8899
9491
9092
9624
10755
10523
9210
10598
8873
8886
10144
10153
9499
9330
8899
10654
9442
9048
8823
10158
9551
10620
9775
10530
10312
10335
8971
8884
8987
9317
8882
8537
8155
8829
8828
8726
8086
8829
8124
8859
8520
8119
8997
8485
8458
8162
8271
8409
8332
8532
8869
8316
9039
8650
8728
8598
8528
8986
8760
9008
8713
8871
8685
8317
8872
8313
8209
8151
8291
8809
8363
8842
8480
8701
8313
8487
8615
8832
8422
9043
8925
8180
8538
8175
9004
8207
9068
8620
9035
9421
9899
9651
9496
9371
8048
9211
8107
8271
8906
8923
8806
8603
8378
8613
8663
8535
8385
8223
8446
8866
8597
8886
9877
8896
8878
8533
8604
8239
8325
8221
8419
8902
8860
8457
8204
8780
8246
8727
9718
8760
8776
8694
8203
8462
8226
8519
8250
8778
8997
8484
9342
9154
8591
8845
8217
8987
8506
9054
8710
8646
8725
9149
8196
8908
8354
9075
8359
8412
8695
8763
9045
9195
8670
8313
8843
8293
8265
8561
8594
8253
8341
9038
8384
9308
8174
8421
8587
8605
8323
8594
8942
8368
8783
8430
8631
8603
8934
8717
9019
8280
8459
8446
8671
8488
8332
8329
8959
8445
8323
8963
8624
9055
8608
8285
8435
8316
8867
8941
8648
8552
8446
8423
8351
8316
8537
8889
8387
8415
8289
8896
8327
8346
8731
9157
9089
8667
8602
8333
8358
8442
8625
8854
8582
8790
8886
8449
8753
8708
8825
8888
9110
8388
8503
8704
8682
8498
8753
8834
8959
8404
9146
8510
8191
8662
8581
9530
9645
8682
9473
9330
9654