1455
0725
0724
0818
0681
0675
0709
0710
0684
0681
0719
0684
0676
0691
0687
0683
0678
0693
0681
0664
0677
0706
0743
0712
0765
0673
0695
0704
0881
0675
0679
0719
0681
0691
0687
0720
0678
0679
0676
0688
0670
1576
0701
0727
0751
0672
0684
0686
0670
0708
0671
0668
0673
0672
0670
0682
0663
0670
0682
0688
1514
0681
0714
0699
0688
0682
0716
0687
0680
0725
1341
0679
0713
0681
0677
0682
0686
0676
0739
0678
0812
0682
0707
0663
0682
0813
0704
0674
0681
0673
0679
0679
0682
0680
0746
0676
0698
1218
0746
0675
0703
1010
0698
0672
0699
0671
0701
0709
0666
0702
0692
0689
0671
0662
0671
0707
0681
0672
0704
0761
1409
0725
0680
0689
0692
0678
0672
1035
0682
0698
0707
0705
0694
0679
0681
0738
0686
0670
0687
0686
0684
0713
0700
0671
1420
0703
0669
0705
1679
0668
0676
0685
0692
1255
0680
0681
1492
0672
0684
0674
0702
0670
0676
0744
0667
0673
0672
0674
0681
0669
0678
0717
0670
0709
0692
0680
0692
0672
0706
0712
1409
0730
0691
0692
0734
0746
0715
0805
0682
0712
0691
0756
0672
0692
0675
0670
0675
0754
0717
0690
0685
0708
0673
0669
0699
0675
0740
0718
0695
1512
0811
0685
0679
0690
0745
0679
0665
1916
0709
0687
0703
0719
0697
0675
0677
0750
0720
0668
0672
0669
0670
0686
0710
0686
0685
0679
0709
0761
0669
0689
1409
0727
0697
0683
0694
0683
0697
0672
0674
0674
0726
0683
0710
0730
0673
0693
0687
0677
0683
0673
0679
0699
0769
0706
0700
0695
0713
0667
0674
0677
0665
0673
0670
0674
0678
0704
0679
0696
0718
0665
0729
0711
0702
0932
0703
0668
0706
1645
0676
0679
0715
0701
0718
0684
0677
0676
0686
0689
0719
0693
1437
0823
0693
0692
0697
0731
0708
0702
0694
0679
0682
0684
0685
0754
0713
0738
0675
0686
0685
0690
0675
0723
0708
0803
0679
0715
0687
0693
0714
0674
0671
0697
0701
0679
0679
0694
0673
0702
0674
0672
0669
0682
0681
0680
0708
0693
0705
0705
0675
0674
0673
0667
0674
0709
0700
0679
0669
0661
0702
0681
1408
0792
0733
0693
0696
0712
0673
0685
0697
0688
0685
0929
0739
0696
0682
0696
0681
0688
0692
0689
0673
0728
0707
0687
0711
0704
0721
0704
0671
0674
0712
0682
0706
0682
0717
0682
0689
0671
0686
0710
0678
0702
0670
0708
0725
0671
0675
0707
0701
0666
0674
0667
0701
0674
0707
1271
0705
0670
0674
0677
1432
0750
0705
0765
0732
0683
0686
0672
0683
0685
0739
0673
0703
0917
0672
0729
0682
0684
0683
0705
0672
0714
0679
0707
0714
0661
0698
0680
0683
0743
0679
0714
0684
0684
0679
0680
0689
0694
0689
0681
0679
0670
0675
0731
0666
0683
0695
0687
1389
0696
1510
0686
0675
0690
0703
0678
0697
0679
0671
0673
1462
0719
0696
0711
0680
0699
0729
0735
0691
0772
0688
0677
0691
0688
0693
0685
0724
0680
0702
0679
0675
0711
0714
0703
0675
0713
0715
0784
0678
0686
0679
0670
0665
0685
0703
0673
0676
0671
0702
0671
1294
0693
0680
0700
0709
0692
0760
0670
0668
0708
0676
0663
0779
1672
0680
0668
0711
0716
0673
0669
1393
0694
0699
0688
0678
0672
0678
0688
0673
0722
0724
0723
1379
0689
0677
0682
0725
0710
0686
0680
0706
0674
0710
0710
0707
0705
0677
0672
0673
0734
0717
0669
0680
0700
0705
0686
0682
0673
0668
2019
0697
0679
1199
0680
0680
0675
0670
0676
0664
0708
0672
0681
0706
0681
0705
0688
0673
0675
0684
0724
