189.28
158.33
59.4
91.58
130.43
74.16
60.64
78.6
109.57
107.58
89.36
106.5
65.28
159.82
87.43
88.25
81.11
101.87
91.63
74.43
91.69
129.62
136.29
83.45
82.05
82.55
63.6
72.15
88.35
88.03
101.83
85.48
103.22
93.28
100.59
70.87
133.9
135.28
119.29
93.43
80.62
86.26
97.14
74.61
79.32
98.61
109.39
87.12
105.23
124.28
70.27
114.41
66.84
78.43
102.03
114.79
80.7
82.43
71.29
127.93
134.3
80.8
110.79
78.29
84.19
112.12
103.25
77.78
78.31
88.2
111.67
86.25
131.92
82.61
111.69
106.05
58.07
82.95
96.05
126.54
118.95
91.02
80.23
93.54
93.58
113.3
102.6
77.93
121
79.55
56.64
103.29
42.1
40.38
81.9
97.87
90.26
74.87
64.74
88.23
98.42
68.33
59.06
73.96
103.15
116.25
65.47
79.51
135.32
90.37
56.05
102.94
97.86
58.65
82.4
102.52
140.61
297.88
50.58
39.45
34.38
99.5
86.86
67.85
78.62
152.87
109.86
96.24
103.79
90.88
103.37
87.09
111.71
64.12
78.97
54.44
42.53
41.46
114.3
54.53
130.26
113.18
52.91
101.15
74.82
96.02
48.36
61.84
73.9
94.77
68.58
106.37
113.41
54.48
80.88
57.33
76.49
98.61
72.59
118.96
112.13
84.28
87.09
72.28
39.31
64.33
113.65
68.55
69.73
90.27
100.32
91.37
74.95
93.74
90.6
94.6
62
102.97
105.73
79.41
91.61
92.61
100.41
76.77
96.3
70.68
87.55
90.88
100.67
68.51
55.42
104.56
65.09
67.07
96.7
82.05
81.32
39.43
61.94
106.2
57.45
85.5
82.59
99.46