130.94
137.27
140.27
151.49
176.79
165.87
86.35
88.88
97.74
98.47
65.26
98.93
130.37
102.03
94.54
74.97
70.02
101.08
81.5
79.26
78.76
109.08
78.39
70.04
97.49
139.85
36.06
43.38
87.28
77.87
107.61
115.25
56.16
38.57
48.79
80.72
78.4
86.27
111.23
66.6
94.26
71.37
103.15
107.67
75.78
118.28
153.27
73.34
117.94
61.46
96.54
95.1
68.16
69.7
81.49
105
87.17
116.61
75.32
162.78
121.15
168.99
63.82
134.95
140.09
115.57
76.14
89.74
78.96
133.9
98.39
1101.24
93.26
99.77
117.53
66.21
128.25
48.67
70.2
56.26
52.56
90.83
100
68.91
95.89
74.39
80.14
92.77
107.45
154.26
76.85
80.06
138.54
104.17
111.18
114.78
95.83
104.07
45.54
97.37
103.58
105.29
78.9
80.92
107.38
62.96
62.9
96.39
81.59
54.91
108.57
37.82
70.46
92.35
106.92
94.29
91.01
96.38
89.58
84.89
99.12
65.83
122.71
63.81
102.06
67.18
86.46
106.89
92.29
114.29
136.77
86.9
85.59
89.63