181.21
173.62
71.58
64.85
89.56
80.99
69.42
103.6
93.26
103.54
54.17
135.82
168.19
166.47
83.21
94.51
100.42
106.73
59.06
64.91
80.41
69.38
58.97
76.19
100.93
98.7
59.62
64.83
94.66
113.5
193.83
68.16
95.62
65.15
91.93
74.86
59.79
76.64
134.44
75.38
49.28
68.4
71.7
86.34
82.15
149.96
100.94
98.35
132.66
46.73
52.85
95.96
81.18
77.08
131.67
113.72
111.9
80.78
121.12
77.12
95.73
79.83
96.8
78.44
115.95
104.45
138.39
68.8
91.9
128.88
126.02
74.88
72.04
79.13
116.78
75.57
141.8
103.01
94.8
105.62
79.98
84.6
94.21
119.57
65.85
141.07
140.89
26.76
100.31
83.09
75.01
143.72
129.38
111.01
98.52
91.66
67.02
88.96
77.95
59.74
97.01
85.15
77.22
74.62
84.71
65.22
102.96
70.54
108.38
86.59
108.5
105.87
98.89
80.99
106.58
37.71
87.52
100.7
107.43
82.4
113.97
82.9
65.81
83.14
67.31
77.86
95.36
79.06
110.62
69.61
75.46
74.86
100.34
53.43
63.23
41.54
90.87
68.92
126.6
130.75
165.34
37.63
68.74
87.59
97.64
103.19
83.7
121.34
90.46
94.91
54.35
88.6
99.38
80.13
87.24
55.53
85.23
44.14
56.92
67.15
81.9
62.57
89.3
66.66
70.37
74.72
73.56
94.7
83.16
91.43
66.21
75.43
89.51
71.41
87.77
67.68
91.52
100.87
74.76
77.65
76.91
22.23
44.97
76.13
69.88
81.52
111.77
78.71
86.62
73.07
66.32
66.02
103.28
64.44
91.91
30.13
94.92
99.19
92.41
80.43
50.83
66.66
93.49
85.97
108.47