165.24
180.58
150.46
161.1
186.39
180.96
67.01
86.47
118.91
140.96
187.51
131.93
70.61
65.14
80.91
80.62
105.49
87.88
60.24
71.11
83.05
80.61
70.42
62.68
74.95
100.28
100.28
75.36
82.13
87.02
54.02
105.93
85.64
45.86
65.54
74.77
70.24
94.56
54.28
102.33
74.8
76.71
91.36
82.31
104.39
81.66
70
83.96
84.05
49.48
65.42
110.51
118.43
81.45
64.85
94.57
95.87
101.12
114.91
90.8
72.82
81.78
95.89
137.43
40.01
71.06
119.65
91.21
90.38
140.94
54.23
103.45
83.77
93.34
128.34
145.52
61.09
71.26
58.45
113.27
88.29
84.75
78.01
74.66
98.93
70.38
70.71
53
71.97
85.81
111.33
58.52
66.38
83.2
106.5
102.95
64.3
82.88
91.44
139.75
59.31
75.37
51.73
102.55
148.78
88.14
110.55
89.12
65.05
63.89
89.22
94.56
98.63
92.65
129.41
89.68
91.34
95.1
99.45
35.02
108.49
135.04
86.19
116.95
71.96
144.4
100.87
101.29
126.43
128.18
102.88
87.56
87.14
71.57
80.27
109.15
156.59
61.46
83.89
76.47
93.9
78.42
65
144.37
74.12
117.44
110.45
75.13
123.98
49.81
61.88
102.28
90.09
63.08
68.82
104.35
68.13
78.85
99.87
75.02
75.07
83.08
91.63
101.02
104.55
95.01
106.99
39.97
62.56
96.91
106.11
98.99
66.21
74.94
108.33
99.73
46.85
94.03
78.02
71.72
95.96
142.89
100.4
105.84
80.21
91.43
54.96
73.26
75.23
74.01
81.1
99.37
98.43
94.77
99.17
77.24
65.55