154.68
150.61
161.71
184.72
172.7
174.24
91.48
94.57
38.18
67.48
63.29
91.95
93.85
53.4
93.59
64.6
83.9
82.92
95.09
133.44
98.89
95.94
97.46
81.31
139.23
88.68
88.21
89.01
112.5
57.05
109.2
83.2
140.1
102.87
94.69
98.57
58.76
82.88
142.51
84.33
97
98.39
118.05
100.09
113.84
113.55
82.87
100.65
111.21
68.29
70.19
84.45
93.16
98.09
39.81
55.89
74.82
97.74
117.02
115.2
189.97
104.82
86.06
138.51
71.41
99.26
78.52
92.35
61.35
56.47
42.52
77.28
93.3
71.96
98.7
58.86
98.97
92.32
60.09
88.12
66.21
97.24
103.15
114.46
80.96
76.82
36.5
64.84
60.04
117.35
71.81
85.05
95.11
86.01
91
89.11
81.95
68.53
115.39
75.71
110.37
118.82
61.9
99.63
71.11
87.3
39.7
95.59
96.59
64.16
143.7
57.63
67.99
66.56
56.27
69.9
96.33
66.91
52.31
117.27
55.13
98.44
92.53
78.03
60.69
89.05
136.82
47.57
101.62
87.34
126.63
61.86
74.56
91.08
77.24
97.37
91.52
63.24
89.11
71.72
71.08
69.37
115.33
45.49
73.14
93.28
79.83
53.98
92.33
89.55
76.31
103.81
96.83
56.56
98.88
98.98
39.92
68.7
36
110.43
90.77
95.36
104.92
74.05
80.9
74.44
77.9
41.31
79.87
68.01
106.95
64.06
70.81
75.73
65.71
59.05
104.08
25.4
88.99
86.45
81.29
74.71
51.12
88.96
87.14
82.95
78.93
59.83
92.88
90.61
97.15
72.09
83.01
87.48
142.29
97.33
32.82
70.03
128.84
140.82
106.95
61.7
86.63
39.93
47.68
67.8
68.91
97.15