141.6
86
76.78
85.23
175.42
154.79
176.27
168.13
171.51
61.29
59.6
116.24
51.4
77.72
93.04
115.99
71.84
99.65
106.84
70.91
87.3
95.62
116.46
115.01
47.46
104.38
75.59
80.03
111.76
49.14
61.69
102.4
104.22
81.45
90.57
96.41
100.03
102.6
104.04
114.78
56.59
96.22
83.16
97.3
60.28
85.47
122.18
148.5
121.39
78.49
71.17
103.51
100.54
81.32
92.2
51.68
113.72
38.37
112.12
102.54
128.01
89.72
87.53
98.69
106.29
67.32
98.64
116.39
58.79
105.41
97.88
74.59
50.9
39.62
96.83
183.14
97.44
62.68
77.94
109.85
171.77
82.97
115.47
68.92
109.07
57.55
57.67
36.86
73.84
86.82
89.61
86.39
130.33
68.08
69.89
72.24
60.98
69.57
17.96
63.91
100.95
59.28
77.63
120.45
69.03
86.71
78
74.96
34.33
97.72
87.22
37.82
78.98
25.68
100.38
62.24
48.73
111.46
81.84
85.88
84.52
69.95
37.14
57.5
123.92
105.46
72.2
94.59
66.3
78.7
101.66
96.08
154.74
82.38
45.14
35.64
83.97
99.47
68.32
137.67
105.84
74.75
74.27
74.8
90.1
86.37
77.95
59.17
108.56
89.59
48.98
45.44
44.74
100.83
71.94
43.13
37.43
38.04
71.33
63.39
78.18
154.34
88.88
84.05
99.27
84.95
80.55
103.89
40.72
66.02
192.9
60.85
64.63
67.99
50.31
74.63
76.11
84.18
84.81
110.45
98.92
92.28
95.62
80.13
75.95
104.58
91.4
57.66
54.16
56.29
72.85
60.88
63.83
94.13
30.76
74.97
69.5
53.36
34.79
78.94
90.92
167.61
92.21
75.15
42.74
78.68