99.6
136.91
22.64
56.44
65.5
42.81
97.6
134.4
44.84
52.48
53.04
57.93
119.48
57.9
57.78
25.63
23.28
59.78
63.86
54.07
60.65
37.98
50.1
58.76
65.13
25.94
25.44
59.75
59.83
23.68
50.27
51.27
23.74
51.82
55.71
59.24
38.37
57.13
66.22
71.26
42.39
56.29
53.22
55.06
60.29
67.4
26.91
50.09
65.79
18.55
50.96
52.7
63.26
56.05
57.9
111.2
53.17
57.54
158.64
36.95
69.53
92.65
48.79
57.15
54.89
39.85
54.24
57.05
40.93
47.39
55.51
52.7
55.36
22.87
31.13
62.72
31.02
58.7
43.31
40.01
94.27
124.66
19.44
37.7
65.94
29.64
66.47
92.55
23.09
37.7
54.43
59.5
47.54
91.18
25.09
51.91
52.91
55.17
66.37
44.13
54.18
58.03
58.64
30.38
31.96
39.3
44.16
49.58
54.5
95.87
21.11
24.54
65.62
21.63
50.54
57.46
28.19
41.43
59.1
63.96
62.66
60.6
54.6
26.17
46.46
54.11
63.46
29.27
40.37
53.67
27.22
42.28
48.69
50.03
62.02
23.23
34.52
57.87
33.53
54.63
54.15
32.91
51.32
56.15
33.98
37.34
60.44
37.25
53.75
80.86
34.36
64.71
45.67
60.37
56.79
60.13
61.79
27.12
41.19
56.52
29.87
35.58
44.98
48.81
58.56
58.52
65.17
51.68
59.52
60.86
26.18
25.93
53.62
59.37
44.81
48.28
46.56
50.6
55.21
67.89
69.53
56.28
46.86
50.62
55.77
60.73
67.96
53.9
61.26
39.6
116.9
25.04
45.69
43.23
54.46
62.68
184.74
54.72
34.64
48.34
52.27
54.79
32.34
42.73
57.37
56.36
23.29
55.72
55.89
47.61
63.43
61.05
32.62
21.65
56.32
37.98
23.64
24.07
55.93
83.83
28.82
45.37
48.76
62.13
42.39
53.1
51.78
54.28
26.45
30.97
55.78
17.42
40.04
51.45
27.2
26.32
26.93
22.91
51.59
56.35
65.33
29.17
55.45
37.92
36.68
54.31
55.71
50.2
53.59
67.61
17.94
25.48
57.66
25.64
44.63
49.79
27.33
35.48
50.01
92.99
34.5
41.18
51.95
82.79