121.05
96.25
121.3
49.15
50.61
55.34
21.18
25.56
123.4
55.93
56.95
60.18
72.31
56.24
56.84
61.74
53.88
54.61
30.22
61.06
59.13
59.54
39.65
52.52
55.15
62.53
60.91
51.31
58.69
62.29
42.83
58.16
29.8
56.48
60.95
62.67
27.58
29.32
28.39
41.25
56.84
57.45
60.79
113.5
25.81
52.15
54.41
51.79
23.1
40.55
54.59
52.05
53.16
22.12
39.85
52.33
57.72
24.05
53.98
71.68
22.92
33.71
61.04
63.83
50.14
68.9
27.49
34.79
58.1
59.99
153.3
34.19
51.71
42.64
54.16
55.78
29.53
30.33
52.1
56.55
108.2
28.62
40.16
38.99
77.91
25.29
51.33
19.54
42.98
54.81
22.18
56.22
55.31
53.83
52.07
20.27
31.47
53.09
47.96
20.93
58.47
49.6
48.89
58.03
81.21
29.12
36.03
54.06
61.32
57.34
23.58
40.92
53.72
22.39
48.02
53.2
60.5
30.18
45.61
50.79
56.13
53.55
55.26
174.49
28.77
44.08
23.31
45.55
52.66
55.14
62.11
24.23
44.55
61.94
38.03
46.81
25.95
37.32
49.18
57.21
66.6
55.53
55.8
53.65
45.8
60.61
21.75
62.71
41.83
48.6
70.18
46.79
49.74
58.04
65.44
19.76
23.57
31.47
81.01
54.54
57.78
67.21
47.1
80.49
73.1
46.65
55.54
67.14
57.62
57.98
60.25
61.94
43.77
49.86
68.49
56.71
27.04
55.78
64.85
47.93
58.65
45.77
54.76
59.76
79.85
43.01
43.88
51.02
25.3
53.46
49.15
63.24
56.28
54.64
38.16
38.98
59.23
32.3
49.7
40.07
58.39
55.43
41.84
50.93
51.09
52.94
60.83
72.04
36.91
40.73
59.29
63.68
57.94
269.55
21.89
47.97
50.84
55.54
84.21
54.61
77.95
49.13
53.42
49.94
28.1
57.57
19.92
64.6
33.63
39.91
50.56
58.68
72.83
27.32
43.8
40.86
107.49
20.77
23.56
40.22
47.06
82.15
21.33
48.76
42.5
56.06
27.65
49.35
51.1
58.38
55.83
95.02
40.89
51.02