101.3
146.27
28.34
66.32
52.65
58.28
126.32
95.31
53.87
55.65
55.56
61.42
129.31
49.03
53.25
60.58
77.89
25.36
42.04
50.09
51.35
48.83
30.27
54.29
54.07
59.16
60.66
53.96
26.92
25.49
53.25
57.05
45.34
56.76
54.85
53.32
62.14
22.62
48.03
52.58
77.88
59.49
61.02
61.09
53.48
52.18
64.87
59.87
72.39
158.9
48.64
52.17
53.71
51.36
59.37
61.14
64.47
307.91
55.32
52.73
54.53
56.25
89.04
22.97
50.9
63.08
65.36
70.19
38.03
77.49
53.13
97.61
25.16
31.53
55.99
49.51
79.44
30.08
84.47
98.18
49.93
51.81
52.54
32.7
55.65
117.81
22.42
44.84
19.62
52.44
27.04
29.74
48.08
54.66
61.25
47.8
60.45
64.39
39.99
109.72
33.85
53.3
58.33
55.23
57.69
78.42
25.34
57.68
20.31
23.76
40.63
19.62
34.86
50.03
49.59
26.3
48.61
26.03
41.56
52.84
89.91
41.37
50.33
61.33
40.59
19.06
21.92
48.95
64.29
23.63
59.59
53.85
97.85
54.52
57.38
58.2
53.42
57.54
73.42
51.85
55.27
56.57
42.52
52.02
37.64
47.76
55.16
55.43
100.88
77.33
49.67
63.69
27.87
53.45
58.2
68.18
29.21
43.46
48.71
37.99
55.59
60.06
55.67
55.04
61.82
65.16
47.25
55.11
56.9
56.36
49.14
56.86
64.15
46.76
41.96
53.26
65.11
49.25
55.42
30.16
28.68
35.14
49.91
27.8
54.75
45.38
47.87
29.6
42.49
49.57
51.69
57.8
28.75
48.75
51.07
54.98
25.64
45.78
33.7
19.82
43.21
51.63
54.74
62.24
94.1
51.01
58.52
60.75
66.8
48.39
50.51
55.76
55.84
56.51
55.32
79.25
53.99
53.65
27.56
54.44
61.17
31.46
27.9
48.97
58.34
56.74
62.35
20.92
50.28
52.35
62.97
46.41
22.11
53.58
75.46
91.36
53.32
56.07
47.24
53.47
56.77
69.22
44.15
55.27
56.67
57
60.01