139.85
68.12
103.97
133.05
138.84
128.64
132.78
33.47
55.74
63.39
65.63
67.35
11.27
61.58
66.33
67.31
24.16
51.91
58.31
58.52
57.59
58.73
55.26
19.39
29.84
46.57
54.37
61.11
34.79
38.33
51.83
51.65
52.04
54.9
57.39
57.34
54.59
63.09
29.27
31.34
55.44
63.5
27.29
52.46
64.82
63.54
59.1
59.38
29.34
58.51
52.65
53.8
61.46
57.26
75.23
31.57
60.04
64.03
119.27
13.19
52.05
57.94
25.23
40.52
47.05
53.56
62.94
171.33
65.32
85.12
25.37
62.72
59.33
26.43
79.06
40.56
56.69
94.04
82.47
30.21
65.47
50.88
34.85
67.38
87.74
93.67
58.37
37.27
47.94
52.79
57.47
26.08
58.87
23.85
53
20.35
29.77
92.7
57.15
54.54
43.7
104.32
59.13
62.58
67.7
72.44
48.66
53.77
46.69
62.91
46.88
54.88
56.5
78.61
22.96
38.96
42.78
52.71
55.57
44.88
57.74
58.11
27.72
50.32
59.72
62.12
61.19
166.1
53.11
70.29
23.1
52.18
60.79
63.47
51.19
53.34
44.43
48.24
58.53
44.6
62.58
66.71
43.95
56.22
57.55
61.79
64.31
43.5
56.62
44.59
52.55
59.19
60.97
24.92
43.85
53.57
54.7
73.79
25.7
39.64
46.86
32.11
34.87
41.26
48.04
47.66
53.08
83.85
79.93
43.77
29.96
75.04
56.48
59.54
32.55
42.23
57.87
50.45
58.02
61.67
55.1
62.96
96.71
27.27
49.6
62.22
58.33
54.8
58.88
59.14
47.98
57.88
61.05
24.46
70.91
22.54
52.12
11.56
79.12
43.47
53.37
30.8
47.91
48.68
56.87
22.75
35.24
29.15
51.16
55.17
63.14
53.75
60.19
26.34
52.68
57.18
56.47
58.66
20.18
56.91
25.8
46.89
55.13
51.13
33.2
45.27
48.8
29.27
56.85
54.76
58.64
58.18
24.4
43.61
38.61
48.56
52.6
44.46
47.96
21.22
47.64
51.06
57.75
54.43