81.78
113.83
126.44
127.54
51.11
64.37
22.38
56.09
57.55
58.39
53.03
51.38
51.28
58.9
1061.83
37.32
138.44
54.32
58.69
64.27
25.77
65.61
68.93
51.84
56.36
31.59
58.13
50.38
56.89
26.67
24.79
53.5
60.29
61.08
38.07
52
52.73
63.04
31.84
29.84
54.64
78.31
24.8
54.06
56.28
69.67
44.17
52.88
67.78
57.23
23.89
48.95
31.94
45.8
52.85
41.5
52.12
57.74
57.3
56.28
63.97
87.71
46.79
51.09
65.72
39.4
92.19
54.78
57.56
61.12
49.11
51.27
57.06
22.31
54
113.83
110.95
27.48
51.23
57.37
71.04
74.14
57.3
72.74
31.62
39.62
57.06
54.23
21.63
51.41
53.82
53.9
61.49
25.28
46.31
52.63
28.35
44.97
50.32
54.96
23.84
54.59
56.17
24.68
36.42
48.76
104.93
24.97
51.73
27.52
45.82
48.2
53.35
58.48
57
31.19
48.73
77.26
53.34
28.09
27.98
52.89
42.37
45.18
53.19
38.45
52.45
65.19
72.56
27.36
35.27
59.93
45.13
41.14
39.98
55.07
39.53
54.19
79.14
29.55
63.56
23.23
50.69
55.7
60.33
23.9
45.09
53.58
54.42
47.55
54.27
58.88
11.32
54.77
58.42
53.57
56.57
54.49
55.12
43.76
55.26
40.75
26.93
51.93
34.57
48.15
56.48
57.12
55.79
58.89
60.32
39.94
49.2
53.42
58.62
30.7
55.29
55.18
63.71
52.89
22
45.18
52.68
18.87
18.39
22.85
47.63
19.53
40.76
53.67
29.72
54.21
62.52
24.96
52.3
55.88
56.83
57.19
24.28
52.58
53.76
57.61
55.38
59.86
63.98
27.22
57.22
32.85
55.16
56.32
54.32
51.05
54.86
50.04
58.26
57.35
61.81
47.82
60.35
58.07
22.26
25.54
44.66
51.41
30.66
39.63
25.12
28.69
29.98
62.11
55.09
28.4
48.4
50.46
53.75
56.98
30.09
58.94
48.54
53.69
60.21
36.38
46.71
60.9
25.77
27.85
37.83
112.53
57.96
28.7
38.88
56.04
54.65