124.45
130.79
129.72
123.33
28.69
49.29
53.88
58.42
27.29
44.87
20.35
49.47
62.19
55.69
59.91
29.23
61.56
27.41
53.6
50.99
24.79
31.32
51.85
69.29
61.82
23.68
38.53
49.83
61.16
48.47
66.84
53.24
31.26
56.02
74.65
52.72
53.8
60.51
94.2
26.02
63.25
79.07
24.05
36.39
47.81
62.35
48.73
54.33
57.8
103.3
20.55
46.62
53.53
73.25
53.4
53.23
21.84
30.52
64.92
99.68
27.54
55.72
63.08
31.72
40.6
45.29
31.75
57
26.49
47.86
51.81
58.54
65.36
57.05
89.32
46.54
56.27
61.09
82.26
56.94
75.28
59.95
65.16
28.43
39.05
55.49
61.1
85.12
23.62
46.56
53.28
25.25
53.37
55.38
50.53
21.23
21.7
26.66
121.98
20.38
60.28
46.7
52.45
56.97
66.24
117.18
53.46
114.78
52.8
25.08
52.8
42.69
22.59
47.13
46.91
63.08
55.62
27.44
27.78
47.9
49.46
56.58
58.42
52.65
55.78
63.86
55.32
28.19
48.01
62.6
61.9
57.46
147.42
57.78
62.11
21.73
37.58
58.3
63.6
73.79
25.92
63.55
49.62
182.91
52.25
28.95
55.3
24.71
58.78
61.48
110.14
40.08
39.89
47.64
53.01
53.75
54.7
61.88
22
25.62
31.16
112.41
36.08
48.01
67.98
28.1
29.65
48.67
52.06