1377
0706
0900
0677
0684
0706
0684
0714
0682
0693
0727
0684
0697
0711
0697
0700
0687
0699
0728
0686
0695
0695
0679
0706
0677
0679
0719
0729
0677
0674
0690
0690
0765
0683
0688
0676
0683
0679
0687
0695
0696
1551
0699
0689
0708
0712
0678
0740
0671
0674
0730
0707
1600
0686
0879
0667
0678
0682
0678
0677
1400
0802
0688
0758
0719
0772
0754
0752
0678
0696
0727
0712
0680
0709
0674
0698
0686
0776
0683
0698
0677
0683
1004
0671
0674
0701
0702
0697
0670
0675
0684
0684
0682
0766
0689
0701
0699
0672
0676
0745
0680
0676
0708
0702
0675
0670
0680
0689
0670
0677
0681
0670
0761
0671
0746
0680
0677
0673
0668
0677
1366
0712
0712
0702
0700
0675
0682
0683
0700
0683
0695
0670
0680
0704
0691
0694
0696
0684
0713
0680
0675
0687
0677
0683
0672
0679
0701
0667
0724
0680
0671
0677
0668
0677
0684
0676
0678
0692
0677
0677
0685
0697
0681
0704
0681
0664
0684
0671
0683
0690
0678
0672
0736
0692
0687
0696
0707
0679
0680
0677
1428
0707
0716
0717
0756
0718
0715
0701
0685
0690
0696
0693
0692
0696
0720
0725
0685
0695
0695
0713
0703
0687
0683
0692
0712
0681
0717
0689
0676
0676
0670
0668
0668
0669
1356
0688
0693
0713
0694
0684
0686
0684
0680
0739
0694
0690
0672
0677
0696
0674
0669
0665
0872
0693
0694
0682
0669
0679
0671
0690
1385
0753
0696
0700
0725
0708
0684
0676
0677
0727
0696
0688
0682
0709
0700
1561
0751
0710
0697
0673
0678
0686
0687
0685
0687
0677
0684
0708
0686
0691
0682
0718
0692
1356
0686
0692
0684
0675
0678
0688
0670
0759
0739
0710
0670
0750
0669
0672
0762
0683
0713
0714
0851
0708
0677
0676
0686
0718
0664
0699
1365
0840
0697
0697
0724
0713
0686
0682
0687
0692
0703
0705
0755
0701
0686
0686
0696
0689
0685
0687
0678
0678
0702
0702
0687
0685
0688
0677
0700
0682
0695
0677
0706
0682
0709
0676
0683
0694
0725
0678
0681
0662
0673
0686
0724
0680
0755
0682
0715
0676
0690
0673
0689
0690
0674
1351
0687
0685
0665
0674
1428
0713
0707
0726
0700
0722
0713
1578
0689
0698
0683
0680
0682
0682
0685
0679
0697
0686
0701
0710
0703
0710
0754
0678
0677
0690
0714
0680
0678
0674
0702
0673
0710
0683
0694
0685
1289
0681
0707
0681
0687
0681
0709
0680
0681
0683
0677
0680
0701
0673
0676
0725
0740
1571
0695
0670
0701
0683
0662
0694
1366
0777
0703
0714
0695
0681
0680
0807
0695
0692
0717
0678
0695
0693
0692
0675
0674
0691
0712
0677
0675
0695
0685
0693
0678
0716
0675
0720
0703
0692
0683
0669
0687
0685
1559
0709
0688
0737
0772
0681
0692
0686
0779
0670
0699
0704
0682
0688
0669
0684
0694
0684
0692
0680
0664
0689
0685
0745
0699
0705
