1299
0685
0691
0846
0685
0672
0699
0701
0683
1749
0691
0675
0692
0675
0671
0750
0677
1598
0683
0679
0685
0672
0681
0669
0767
0755
0680
0685
0665
0711
0665
0682
0675
0716
0686
0671
0676
0698
0680
0714
0670
0682
0682
0764
0673
0754
0682
0688
1955
0669
0677
0664
0672
0670
0670
1441
0664
0710
0676
0708
1356
0689
0687
0693
0673
0666
0672
0788
0672
0713
0684
0672
0708
0691
0687
0691
0695
0699
0698
0673
0673
0762
0675
1182
0683
0738
0683
0681
0697
0674
0680
0674
0710
0696
0691
0723
0692
0668
0704
1538
0680
0680
0662
0676
0664
0669
0683
0676
0673
0697
0668
0697
0675
0669
0702
0678
0671
0701
0683
0775
1327
6132
1062
0714
0686
0700
0707
0690
0662
0704
0689
1087
0759
0713
0727
0699
0684
0714
0690
0680
0702
0678
0680
0663
0684
0670
0670
0688
0669
0780
0673
0666
0704
0729
0723
0666
0689
0693
0674
0760
0662
0699
0701
0699
0679
0671
0669
0693
0671
0719
1265
0674
0677
0666
0702
0675
0731
0674
0723
0683
1341
0689
0699
0704
0703
0728
0681
0697
0682
0710
0720
0676
0677
0706
0688
0669
0728
0681
1684
0712
1523
0675
0682
0707
0691
0683
0678
0673
0672
0674
0712
0736
0662
0680
1236
0684
0701
0706
0675
0708
0703
0673
0682
0701
0736
0680
0678
0684
0672
0692
0707
0674
0668
0700
0713
0702
0672
0667
0684
0659
