1423
0716
0706
0702
0731
0680
0728
0674
0713
0679
0717
0677
0683
0709
0690
0674
0677
0683
0682
0676
0702
0676
0675
0670
0673
0694
0671
0670
0693
0700
0729
0668
0778
0687
0685
0696
0693
0667
0686
0673
0727
0743
1650
0712
0669
0684
0675
0729
0690
0675
0682
0676
0685
0677
0684
0719
0671
0668
0669
0675
1423
0701
0684
0702
0695
0722
0711
0676
0675
0709
0690
0696
0679
0699
0681
0690
0691
0682
0799
0676
0761
0685
6123
0717
0681
0699
0679
0702
0678
0682
0679
1278
0727
0733
0713
0696
0677
0657
0687
0669
0687
0672
0676
0785
0673
0759
0670
0677
0692
0718
0668
0692
0669
0672
0686
0674
0707
0678
0676
0665
1382
0697
0703
0704
0720
0678
0694
0682
0681
0678
0706
0697
0680
0679
0685
0670
0690
0674
0689
0684
0677
0679
0685
0683
0699
0725
0685
0715
0677
0679
0673
0676
0678
0715
0727
0684
0682
0705
0679
0685
0704
0707
0666
0708
0682
0701
0682
0726
0683
0684
0686
0684
0670
0677
0677
0700
0670
0686
0720
0677
1375
0717
1684
0682
0721
0682
0690
0763
0767
0685
0676
0720
0693
0711
0712
0686
0690
0682
0672
0697
0677
0694
1493
0705
0699
0683
0786
1229
0681
0706
0683
0685
0834
0672
0682
0790
0681
0707
0723
0674
0679
0707
0673
0699
0699
0678
0674
0674
0682
0702
0685
0683
0675
0711
0677
0670
0688
0669
0671
0674
1430
0736
0689
0692
0716
0685
0679
0679
0726
0707
0787
0676
0677
0689
0710
0760
0790
0693
1160
0690
0691
0723
0693
0669
0671
0708
0682
0719
0668
0673
1071
0687
0670
0696
0696
0691
0677
0674
0706
0687
0730
0706
0691
0735
0682
0685
0686
0679
0678
0680
0697
0680
0691
0681
0685
0671
0721
0670
0677
0666
1379
0708
1500
0709
0727
0678
0679
0680
0722
0679
0673
1183
0706
0686
0688
0694
0683
0676
0691
0693
0676
0731
0677
0705
0690
0712
0689
0694
0672
0671
0680
0703
0682
0722
0729
0676
0682
0682
0726
0698
0716
0676
1624
0678
0695
0668
0686
0670
0715
0686
0694
0681
0675
0702
0684
0680
0710
0698
0671
0668
