1400
0671
0714
0668
0697
0697
0685
0693
0824
0689
0703
0666
0698
0686
0698
0690
0681
0687
0732
0688
0706
0673
0686
0675
0677
0681
0731
0677
0672
0708
0701
0682
0700
0682
0662
0694
0665
0683
0716
0677
0699
0689
0665
0699
0671
0695
0698
0657
0698
0672
0670
0664
0665
0672
0681
0669
1287
0702
0672
0661
1285
0705
0675
0707
0924
0689
0737
0670
0677
0686
0678
0679
0675
0706
0677
0695
0678
0676
0685
0670
0687
0665
0671
0668
0679
0674
0719
0790
0675
0681
0677
0668
0689
0698
0677
0678
0681
0780
0676
0705
0684
0677
0686
0672
0673
0698
0811
0674
0669
0711
0660
0733
0672
0674
0706
0673
0673
0673
0709
0686
