10557
10665
9996
10898
9414
10919
9453
9454
10234
8921
8906
9747
9777
8491
8413
8501
8813
8797
8775
9520
9615
8331
8218
8386
8317
9100
8449
8763
8605
8988
8817
8862
9000
8797
8769
8860
8988
9232
9415
8830
9548
8993
8744
9548
9260
8907
9308
8399
8223
8668
8771
8930
8834
8924
8958
8561
8438
8480
8607
9157
8772
8819
8629
8148
9318
8391
8844
8836
8727
8572
9488
9263
9435
8227
8780
8723
9397
8185
9524
8828
8793
8922
8671
9131
8568
8506
9341
8804
8647
8677
8441
8402
8853
8949
8499
8260
8370
8871
8349
9142
8678
8796
9112
8806
8316
8329
8358
8221
8668
8347
8553
8280
8242
8070
8249
8795
9061
8557
9129
8555
8475
8308
9000
9307
8731
8675
9446
8395
8311
9132
8983
8390
8418
8241
8532
8414
8542
9278
8819
8940
8100
8750
9490
9533
8455
9213
8784
8562
8793
8758
8965
8892
8639
8306
9466
8619
9359
8666
8504
8935
8731
8638
8939
8436
8753
9554
8665
9433
8228
8794
8303
8746
8866
8473
8399
9446
8311
8424
8673
8647
8946
8442
8848
8539
8986
9405
9569
8625
8964
8680
8760
8433
10570
10639
9991
10903
10959
9007
8920
8953
9000
8931
9662
9021
8456
8760
8689
8752
8170
8193
8875
8826
8982
8817
8982
8309
8107
8320
8594
8622
8811
8883
8905
8438
8351
9281
8673
8448
8808
9467
8721
9619
8797
8261
8295
8945
8536
8330
8543
8900
8539
9413
8780
8230
8975
8251
8369
8273
8446
8771
8736
8886
8910
8867
8831
8808
8209
8283
8633
8875
8411
8474
8634
8053
8781
8792
8719
9445
8941
8705
9153
9246
9206
8752
8799
9658
8925
10355
9012
8727
8611
8765
8680
9395
9380
8767
8865
8991
8232
8988
8663
8963
8542
9382
8699
8588
8666
8977
8921
8878
8639
9394
9042
8270
8542
8726
8959
8497
8880
8913
9033
8413
8654
8535
8729
9002
9177
8529
8992
8863
9016
8822
8861
8243
8182
8745
8895
8621
8824
8314
8712
8750
8254
8828
9121
8750
8397
8677
8184
8158
8459
9407
8813
8866
8274
8746
9397
9071
8325
9217
9072
8595
8309
9325
8328
9364
8844
8193
8992
8470
8931
8795
9791
9021
8173
8577
9118
8708
8836
8225
8839
9464
9387
8679
8187
9251
8887
8379
9069
8740
8548
8865
8637
8867
9027
8507
8432
9612
8912
8533
8345
8576
8103
10000
10061
10774
10139
9555
9572
8309
9633
8922
9057
8757
8756
8241
10986
8749
9368
8880
8877
8484
9136
8437
8881
8590
8846
8609
8572
8770
8883
8303
8318
9104
8982
8131
8215
8884
8265
8542
8879
8688
8458
8914
9528
9118
8905
8816
8460
8390
8360
8635
8484
8902
8555
9173
8488
8450
8800
8969
8603
8298
8446
9123
8547
8512
8830
8924
8124
8657
9167
8975
8827
8580
8865
8936
8539
8541
8635
9107
8725
8884
8590
8489
9223
8934
8753
8274
8875
8575
9525
8384
8300
8907
19572