10719
10780
11465
11526
10136
9607
11011
9549
8948
9313
8697
9067
8931
8451
8321
9746
8423
8852
9628
9607
8933
9092
8506
8457
9027
9237
8844
8748
9065
8395
9513
8798
8587
8785
9045
9111
9170
9419
8927
8484
8178
8882
9600
9705
9233
9176
8963
8739
8951
8329
9642
8328
8543
8851
8886
9615
8956
8539
8413
9705
8357
8822
9210
8924
8478
8581
9314
8799
9096
8757
8586
9472
8202
8809
9695
8973
9620
9062
8869
8579
9174
8631
8780
8684
9086
9006
8689
8773
9386
8618
8961
8831
8626
9343
8965
9350
8871
9271
8305
9111
8108
9080
8431
8686
8904
8286
8533
9554
8751
8300
8597
9027
8854
9084
8410
8697
9660
8707
8276
9020
9289
9359
8180
9052
8390
8939
9678
9663
8324
8530
9694
8763
9436
8964
8857
8964
8635
8509
8878
9212
8692
9553
9011
8347
8280
8956
9211
10382
11463
11486
10800
10209
10143
9661
8889
8579
8284
8991
8888
8477
8515
8783
9083
8489
9022
9070
8749
8418
9259
9264
8328
9552
8892
8272
8431
8673
9565
8309
8250
8989
9029
8931
8634
8398
8786
8305
8741
9065
9032
8659
8381
8306
8384
9033
8600
9117
8740
8633
8880
9100
8946
8236
8764
9016
9646
8983
9587
8918
9222
9306
9460
8593
9225
8419
9122
8434
8963
8442
9054
8733
9207
8658
9117
9375
8306
8684
8536
8772
8360
8613
9017
8827
9049
8927
8259
8947
8810
9364
9209
8406
8824