313860
315170
315123
310014
308958
307735
306823
306098
299192
295171
293618
291096
290855
290660
284124
327736
328983
329855
329921
327242
328046
325967
326663
325636
325355
329068
329227
325224
327712
325125
321339
328003
323962
326004
323177
323211
322604
323218
321884
324048
322746
321435
322426
322031
322234
321590
322202
320551
321132
320332
321290
320501
320495
320497
319987
319189
316667
319306
319417
318774
318177
318978
318337
319161
317750
317447
316376
315738
316239
315837
314948
314491
315060
315756
313226
313204
313262
314653
316637
313975
313125
314072
314790
312825
314262
312216
312718
312981
312250
310800
311742
309247
310633
310031
310479
310738
307830
310225
309396
309942
309442
310160
309305
306727
310074
306264
309549
306837
306249
308491
308582
305996
306701
307874
306677
307915
301835
304852
306153
305335
306714
305366
304019
304682
305443
304022
301857
306202
306249
302868
302701
300249
303292
303622
303332
303864
307853
304111
300391
302688
301480
299580
301146
300348
299131
299284
297773
298598
299073
302551
296742
299692
294928
297715
296747
296198
298381
295356
303221
294752
296839
296593
295833
294712
294318
294654
293815
295656
295857
293617
291021
299987
290351
289710
291858
299697
297519
296848
299193
298856
293868
294387
318707
318122
318090
315439
313560
317061
311669
309965
309180
307887
306393
306789
295761
294626
295125
292451
290578
289763
288422
287319
285916
284707
284530
329703
328965
329099
325543
329842
329855
325513
327900
325036
323849
326649
329453
326664
323942
330305
326735
326783
323922
330351
329651
326648
327681
322198
328362
328383
324892
322092
324234
325052
327763
326524
325087
325092
329334
326341
323823
323748
323491
324269
320316
323295
319792
322957
323427
324023
321395
321379
318234
321739
321086
319454
320218
319771
319992
319513
319282
319486
318128
316297
317549
318078
317433
318170
318153
316998
317185
316881
315954
315091
315164
316645
315757
314595
314461
315862
313294
312704
311995
311902
311512
312256
310891
314367
314201
310829
311141
313073
311800
311682
310386
311310
310647
308003
309563
309987
308952
308694
308955
308806
311694
311885
307234
307919
308640
309237
311403
307237
305077
304369
307958
308520
309601
303876
308224
308272
304828
303347
304818
304470
299533
303001
301306
302729
303940
302530
306261
305937
303424
302064
301131
302012
302394
298349
297845
299500
299321
299658
300008
299902
299933
300542
303392
299614
297061
296900
294414
297526
297407
298433
301833
301565
301047
300825
297170
296095
298161
295982
294164
301853
299291
299312
296013
292792
298468
297362
294890