89.56
32.92
21.46
28.11
14.41
26.05
27.94
17.25
36.09
29.09
28.92
31.41
34.14
29.15
27.33
29.18
65.27
30.78
19.75
14.27
13.59
29.71
14.33
31.44
29.94
28.24
29.41
27.97
31.97
14.32
14.29
19.27
13.56
30.44
14.69
31.80
14.05
14.74
14.85
32.16
14.96
23.24
14.62
37.09
32.35
13.57
13.36
31.82
27.61
19.75
13.15
14.20
12.99
13.91
13.36
13.35
14.37
30.21
20.95
19.20
14.86
14.26
13.72
24.90
13.39
13.85
31.17
22.20
15.05
14.37
13.97
15.20
16.19
14.67
20.77
13.66
13.56
49.92
14.52
30.33
31.22
31.49
28.23
29.47
14.37
13.24
15.04
13.18
13.94
13.69
80.48
26.56
28.85
25.76
12.97
15.42
13.06
14.02
28.16
13.31