7.62
1.83
1.66
1.59
1.62
1.59
1.60
1.61
1.63
1.42
1.52
2.99
1.90
1.56
1.61
1.40
1.58
1.72
1.54
1.46
1.52
1.68
1.49
1.50
1.45
1.54
1.56
4.90
1.56
1.60
1.73
1.72
1.56
23.53
1.85
1.57
1.56
1.58
2.75
1.55
6.42
1.46
1.50
1.48
1.39
1.56
1.64
1.43
1.45
1.45
1.60
1.64
1.42
1.47
1.76
1.52
1.67
1.40
1.41
1.71
1.44
1.45
1.47
1.33
1.59
1.74
1.53
1.52
1.73
1.50
1.62
1.80
1.67
1.74
1.68
1.77
1.67
1.50
1.91
1.71
1.54
1.68
1.76
1.73
2.20
1.93
1.62
1.63
1.57
1.66
1.59
1.57
1.66
1.87
1.59
1.63
1.60
1.45
1.57
1.56