192.08
133.50
134.86
129.70
133.95
132.06
131.10
133.06
130.56
118.70
133.18
129.65
129.72
131.59
130.48
114.09
130.09
114.28
131.84
130.37
116.62
130.01
115.28
130.36
132.66
116.44
130.79
119.82
141.93
131.65
115.98
116.29
117.45
133.27
131.72
115.99
131.67
133.25
115.87
116.22
131.85
129.77
115.15
128.81
117.22
130.41
130.29
116.08
130.88
125.73
116.03
136.74
129.26
115.30
136.88
130.59
114.81
133.31
116.00
116.56
129.64
132.84
116.16
117.26
115.37
115.34
116.13
116.89
115.04
115.46
115.81
115.63
132.57
116.08
117.89
115.11
115.78
129.50
116.44
116.25
132.04
131.23
117.55
115.65
114.81
128.95
116.94
116.00
114.45
114.59
116.73
114.47
114.69
113.94
133.55
114.48
115.04
114.03
115.71
129.96