104.54
101.99
102.12
101.70
101.56
101.52
101.49
101.52
101.70
101.49
101.90
101.51
101.46
101.51
101.55
101.56
101.56
106.95
102.60
101.67
101.53
101.49
101.57
101.54
101.46
101.74
101.56
101.53
101.47
101.48
101.51
101.66
101.60
101.58
101.66
101.70
101.50
102.57
101.62
101.55
101.75
101.61
101.60
101.71
101.54
101.56
101.57
101.56
109.62
101.63
101.68
101.44
101.65
101.78
101.79
101.43
101.59
101.59
101.46
101.63
101.61
101.76
101.78
101.72
102.64
101.74
101.52
101.53
101.52
100.53
101.65
101.50
101.79
101.46
101.41
101.49
101.64
101.48
101.54
101.58
101.55
101.52
101.62
101.42
101.51
101.50
101.65
101.49
101.50
101.66
101.56
101.68
101.44
101.62
101.46
101.50
102.01
101.52
101.51
101.72