153.44
105.08
103.04
104.48
102.89
103.06
103.28
103.14
104.24
103.63
103.37
103.01
104.04
103.38
103.43
103.04
103.44
102.95
136.07
103.46
103.53
103.55
104.38
103.41
104.46
103.70
103.96
103.18
104.06
103.22
103.14
104.36
103.42
103.99
104.28
104.87
103.43
103.63
103.96
103.80
103.51
107.82
104.55
102.62
103.91
102.91
103.53
103.21
103.91
102.91
103.26
104.31
103.43
103.24
104.09
104.54
104.00
103.78
104.02
104.08
103.26
104.07
104.09
103.27
103.61
103.07
103.51
104.19
104.60
103.25
103.30
103.28
104.79
104.33
103.78
103.09
103.49
102.77
103.27
103.29
103.43
102.92
103.47
102.81
103.50
103.45
103.40
103.36
103.11
103.12
104.27
103.44
103.33
103.31
103.31
103.03
102.76
103.26
103.47
103.56