109.50
102.50
103.43
101.11
101.02
102.23
102.23
102.22
102.41
102.11
102.17
102.34
102.22
102.22
102.19
102.20
102.13
103.44
102.18
101.21
102.47
102.08
102.52
102.17
105.60
102.81
102.25
102.20
102.22
102.40
101.63
102.22
102.45
102.22
102.26
102.50
103.55
102.23
102.14
101.95
102.01
102.07
102.17
102.14
101.83
101.24
102.33
102.35
102.51
102.37
102.49
102.32
107.34
102.84
102.13
102.07
102.25
102.07
102.33
102.27
101.30
102.70
102.30
102.32
102.16
102.36
103.13
102.28
101.17
102.36
102.38
102.18
102.26
101.19
102.37
101.17
102.17
103.31
102.46
102.49
102.12
102.04
102.14
102.11
101.01
102.35
102.04
102.37
102.09
101.24
102.55
101.21
102.25
102.17
102.25
102.11
102.40
102.48
102.46
101.05