109.11
102.37
102.25
102.38
102.11
102.08
102.21
110.49
102.08
102.23
102.19
102.29
102.30
101.06
102.06
102.30
102.41
101.30
102.50
102.09
101.21
100.98
102.11
102.03
105.79
102.32
102.18
102.14
102.23
103.09
102.21
102.35
102.40
102.58
102.32
102.67
103.74
103.00
102.24
102.02
101.87
102.18
102.29
104.79
102.26
102.61
102.11
102.43
102.46
102.34
102.14
103.76
105.18
102.13
102.26
101.24
102.05
102.19
102.13
102.23
102.04
102.04
102.17
102.07
102.28
102.08
102.03
102.23
102.02
102.30
102.44
102.26
102.46
102.38
102.30
102.40
102.94
101.91
102.08
102.20
102.27
102.08
102.19
102.12
102.13
102.75
102.26
102.10
102.15
102.45
102.22
102.68
102.27
102.11
102.00
102.08
102.26
102.08
102.09
102.06