105.38
102.25
101.71
101.78
101.59
101.60
101.78
101.73
101.75
101.76
101.68
101.61
101.47
101.69
101.69
101.64
101.59
102.02
101.60
101.73
103.01
101.68
101.50
101.82
101.57
101.66
101.89
101.57
101.85
101.78
101.65
101.80
101.67
101.58
101.77
101.70
101.60
102.45
101.47
101.63
101.76
101.75
101.58
101.87
101.69
100.61
101.77
101.65
101.64
101.66
101.72
107.81
101.73
100.66
102.06
101.57
101.69
101.53
101.65
101.58
101.67
101.55
101.60
101.86
101.84
102.85
101.56
101.52
101.62
101.51
101.51
101.57
101.54
102.38
101.70
101.62
101.58
101.52
101.59
101.77
101.71
102.03
101.64
102.07
101.51
101.61
101.85
101.51
101.55
101.54
101.51
101.58
101.36
100.55
101.48
101.60
101.53
101.98
101.81
101.51