[11964,
9368,
11371,
8831,
8906,
9125,
10892,
10868,
9726,
9067,
11062,
10547,
10353,
10366,
10340,
8663,
9139,
9033,
10290,
9743,
10384,
10030,
11319,
9735,
9238,
9252,
9246,
9411,
9015,
9408,
8954,
9280,
9161,
9662,
9059,
9195,
9196,
9269,
8845,
9482,
9168,
8700,
9220,
8693,
10009,
9930,
9328,
8903,
8841,
8902,
8981,
9621,
9245,
8667,
9283,
9330,
8713,
9348,
8927,
8779,
9568,
9266,
9724,
9911,
9825,
8628,
9251,
9089,
9696,
8896,
9366,
9559,
8798,
9236,
9081,
9055,
9606,
9052,
8913,
9555,
8813,
8710,
8911,
8783,
9525,
8893,
9167,
9270,
9173,
9224,
8660,
8794,
9197,
9068,
9305,
8826,
8921,
9150,
9333,
9336,
9349,
9058,
9251,
9335,
9719,
9136,
9210,
9071,
8587,
9963,
9097,
8625,
8787,
8858,
9306,
9175,
9797,
9271,
9014,
9448,
9232,
9278,
9309,
9330,
10046,
9792,
9163,
8877,
8749,
9254,
9102,
9239,
8747,
8539,
9768,
9160,
8995,
9021,
9169,
10327,
9265,
9316,
8720,
9852,
9947,
9573,
8902,
8669,
9105,
9108,
9213,
9178,
8524,
8790,
8985,
9165,
9108,
9073,
9335,
9413,
9250,
9312,
8947,
8791,
9429,
8837,
9174,
8391,
9289,
9173,
9162,
8727,
8944,
8901,
8628,
9185,
9171,
8882,
8976,
8952,
9757,
8839,
8815,
9511,
9190,
8690,
8784,
8771,
9444,
9046,
8608,
9635,
9198,
9129,
9162,
8776,
9836,
9208,
9203,
8806,
9439,
9218,
8525,
9960,
9661,
8582,
9083,
8773,
9352,
9538,
8889,
9042,
8953,
9136,
9110,
9196,
8743,
9205,
9359,
9586,
9024,
9019,
8632,
8803,
10067,
9329,
9219,
8781,
9411,
8912,
8623,
9324,
8948,
10612,
9788,
11988,
11987,
12017,
11506,
12086,
10168,
11479,
9599,
9634,
12237,
11629,
10930,
11645,
10924,
12300,
11703,
11041,
10549,
9980,
9553,
10022,
8792,
9161,
9137,
9787,
9223,
8923,
8741,
8710,
8857,
9094,
9444,
8967,
9373,
9828,
9220,
8866,
8629,
10066,
9465,
9213,
9165,
9394,
8905,
9653,
8600,
9158,
8648,
8713,
9541,
9021,
8755,
9059,
9226,
9398,
9455,
9143,
9003,
9449,
8712,
9031,
8595,
9209,
9287,
9539,
8953,
9187,
9054,
9347,
8672,
8736,
8773,
8671,
9248,
9397,
8566,
9286,
9041,
9631,
10058,
8892,
8893,
9161,
9141,
8691,
8693,
9204,
10063,
9855,
9521,
9021,
9274,
9122,
9193,
8757,
9265,
10097,
9474,
9461,
8566,
8831,
8589,
9457,
9998,
9337,
9203,
9357,
9284,
8921,
9080,
9646,
9106,
9167,
9387,
8904,
9175,
9383,
8939,
8807,
8510,
9814,
8668,
8824,
9758,
9194,
9293,
8481,
9232,
8973,
8809,
9836,
9491,
8705,
8864,
9129,
8933,
9081,
9280,
9289,
9082,
8716,
9197,
8566,
9055,
9817,
9028,
8723,
9331,
9284,
9145,
8931,
9093,
9724,
8888,
9372,
9241,
8970,
9593,
8853,
9121,
9114,
8574,
8628,
8722,
8689,
9431,
8845,
9088,
8912,
9322,
8687,
9293,
9120,
8634,
11859,
11349,
10696,
10097,
11415,
9499,
10161,
10936,
10927,
9601,
9340,
9283,
9546,
9968,
8777,
8689,
9831,
10074,
9336,
9058,
8877,
8653,
9705,
8806,
9327,
9085,
9213,
9279,
9189,
9416,
8811,
9416,
9367,
8918,
9144,
9099,
9175,
9703,
9262,
9336,
10334,
9804,
9372,
9604,
9215,
9097,
9207,
9261,
8665,
9031,
8975,
9190,
9229,
8681,
9013,
8485,
9570,
8986,
9170,
9447,
9193,
9090,
9487,
9128,
8653,
9292,
9827,
9265,
9331,
9556,
9120,
9124,
9227,
9376,
9170]