[9514,
9573,
9968,
9415,
9384,
9389,
10032,
9411,
9310,
9288,
9278,
9318,
8726,
8802,
9548,
8904,
8926,
8979,
8362,
9001,
9633,
8480,
8735,
8726,
8830,
8861,
9512,
9516,
8411,
9130,
9085,
8515,
9132,
9131,
8577,
8857,
8262,
9475,
8341,
8952,
9029,
8941,
8532,
9200,
8724,
9370,
8780,
8762,
8250,
8976,
8913,
8395,
9011,
8511,
9154,
8547,
8766,
8807,
8763,
9055,
9208,
8625,
9244,
8629,
8669,
9276,
8845,
8370,
8431,
9576,
8958,
9057,
8417,
9116,
8681,
8771,
8811,
9337,
8766,
9117,
9044,
9034,
8508,
8432,
9142,
8552,
8954,
8871,
8401,
8298,
8946,
8404,
9048,
9710,
8665,
8728,
8654,
9341,
8770,
8379,
9162,
9073,
8557,
9155,
8489,
9071,
8779,
9553,
8955,
8997,
8918,
8405,
8474,
8680,
9230,
8794,
8653,
9446,
8819,
8334,
8941,
9061,
8397,
9158,
9031,
8620,
8560,
8861,
8776,
8752,
8959,
8308,
8402,
8925,
9129,
8769,
9249,
8640,
8941,
9059,
9675,
8519,
8427,
9024,
9195,
9731,
8854,
8753,
8851,
9375,
8272,
8760,
9554,
8346,
9148,
8553,
8668,
8658,
9158,
9425,
8966,
8251,
9047,
8943,
9006,
8715,
9216,
8770,
9394,
8228,
8728,
9444,
8805,
8550,
9051,
8597,
9190,
8498,
8548,
9130,
9149,
8793,
8963,
8853,
8966,
8684,
9434,
8776,
9377,
8858,
9353,
9524,
8881,
8365,
8966,
8354,
9028,
8498,
9089,
9175,
8697,
8187,
9430,
8904,
8860,
8920,
8863,
8324,
8362,
8455,
8534,
8703,
8763,
8941,
8943,
8311,
8937,
9049,
8493,
9002,
8442,
8217,
8300,
8256,
8991,
8934,
8324,
8958,
8903,
9569,
8491,
8605,
8542,
8318,
9003,
9041,
9134,
9058,
9681,
9320,
9403]