[9206,
10473,
9833,
11097,
10476,
9202,
9851,
11152,
9079,
8500,
8440,
9153,
8177,
8910,
8847,
8638,
9285,
8863,
9069,
8742,
9455,
8883,
9440,
9187,
9143,
8715,
8464,
9565,
8373,
9000,
9118,
8761,
8673,
9072,
8476,
9215,
9623,
8424,
8962,
8362,
9107,
8719,
8620,
8972,
9263,
9456,
9675,
8933,
8360,
9134,
8741,
9432,
8699,
8293,
8971,
8453,
8754,
8717,
9091,
9070,
9611,
9061,
9035,
9674,
8456,
9371,
8740,
8786,
9043,
9099,
8619,
8848,
9466,
8960,
9290,
8776,
9463,
8871,
8293,
8498,
9036,
8810,
8195,
9486,
9044,
8751,
9369,
8465,
9470,
9165,
9061,
8960,
9349,
8785,
8670,
9294,
8496,
9102,
8391,
8808,
8231,
9153,
8791,
8389,
9032,
9367,
8766,
9922,
8754,
9079,
8560,
8308,
8503,
8927,
8984,
9280,
9066,
9571]