[9362,
9563,
9564,
9583,
9679,
9690,
9111,
9913,
9950,
10245,
10317,
10291,
10263,
9850,
9868,
9954,
9283,
9113,
8505,
9894,
9377,
9395,
9339,
9401,
8794,
8840,
9036,
9143,
9199,
9009,
9837,
8524,
9198,
8546,
9893,
8533,
10024,
9238,
8789,
8749,
9274,
9484,
8791,
9062,
8590,
9295,
9101,
9229,
8525,
9333,
9867,
8716,
9911,
10003,
8673,
9431,
9623,
8930,
8994,
8999,
9153,
9688,
8600,
9126,
9119,
9200,
8627,
9778,
9211,
9426,
9954,
8999,
8800,
8585,
9181,
9118,
9057,
9795,
9177,
8570,
9680,
9738,
9123,
8586,
8670,
8745,
9296,
9247,
9889,
8735,
8785,
9078,
9015,
9206,
9187,
9116,
9798,
9386,
9132,
8527,
8811,
8681,
9231,
9611,
9082,
8507,
8971,
9028,
8699,
9134,
9748,
8627,
9376,
9841,
9272,
9191,
9217,
8865,
9155,
8572,
8682,
8832,
8796,
8431,
9027,
9632,
8959,
8554,
9081,
8427,
8819,
9300,
9192,
9044,
8933,
8805,
8604,
9493,
8872,
9727,
8992,
8515,
9640,
9171,
9189,
9094,
8910,
9163,
8521,
8569,
8611,
8721,
9329,
8864,
8415,
8906,
9089,
9206,
8754,
9029,
8824,
9181,
9425,
8341,
9572,
9318,
9989,
9143,
8937,
8766,
9443,
9124,
9093,
8771,
9724,
9113,
8989,
8547,
8701,
9623,
9851,
8968,
9462,
8404,
8848,
8921,
8625,
8782,
9260,
9409,
9621,
9131,
8855,
9193,
8455,
9235,
8789,
9089,
8399,
9310,
8794,
9137,
8540,
9576,
8940,
8968,
8414,
9682,
8923,
8500,
9194,
9309,
9158,
8975,
9089,
8831,
8809,
8834,
8658,
9809,
9032,
8624,
8623,
8953,
9286,
9510,
9309,
9306,
8535,
9731,
9170,
8509,
8955,
9222,
9848,
9027,
9668,
8860,
8956,
9202,
9268,
9026,
8730,
8763,
8481,
8708,
9174,
9000,
9376,
9004,
9324,
8918,
9194,
8855,
8590,
8556,
9633,
8668,
9001,
8484,
9327,
9170,
8501,
9111,
8823,
8681,
8886,
8975,
9115,
8888,
9217,
9100,
8622,
8407,
9259,
9054,
9660,
8752,
8602,
9006,
8887,
9045,
9664,
9112,
8455,
8537,
9481,
8942,
9064,
9115,
9764,
9335,
9278,
8579,
8565,
8769,
8882,
9026,
9121,
9840,
8431,
9795,
9195,
9047,
8623,
9047,
8684,
9195,
9118,
8755,
8894,
8958,
9552,
8390,
9555,
8992,
9065,
8878,
9231,
8975,
9146,
8784,
9366,
8680,
8749,
8767,
9384,
9070,
9759,
9131,
8466,
9146,
9518,
8618,
9096,
8555,
8703,
9004,
9306,
8713,
8859,
8775,
8844,
9093,
8518,
8932,
9159,
8593,
8622,
9198,
9795,
8944,
9368,
9269,
9551]