1250
0624
0631
0623
0613
0610
0618
0597
0621
0604
0615
0615
0609
0615
0618
0697
0622
0610
0623
0600
0603
0620
0612
0599
0597
0610
0655
0605
0605
0598
0605
0601
0626
0600
0598
0631
0613
0611
0609
0613
0606
0622
0603
0627
0594
1332
0593
0667
0602
0592
0590
0592
0673
0591
0616
0592
0593
0588
0602
0605
1271
0617
0610
0616
0636
0607
0604
0621
0608
0612
0622
0603
0608
0621
0624
0610
0605
0613
0618
0603
0617
0609
0609
0625
0638
0607
0611
0598
0620
0604
0611
0603
0632
0609
0598
0608
0605
0596
0656
0599
0606
0606
0612
0633
0599
0626
0599
0597
0604
0621
0601
0605
0600
0595
1172
0600
0600
0608
0597
0605