1348
0663
0681
0678
0620
0609
0608
0651
0601
0647
0634
0608
0603
0621
0610
0632
0609
0608
0635
0609
0664
0603
0644
0624
0605
0625
0654
0601
0607
0654
0633
0611
0624
0601
0644
0637
0610
0616
0652
0614
0623
0689
0607
0627
0667
0638
0595
0601
0603
0611
1056
0609
0614
0631
0629
0610
0595
0629
0611
0600
1335
0686
0654
0632
0634
0629
0626
0631
0622
0619
0619
0630
0612
0605
0611
0630
0643
0625
0631
0622
0613
0617
0638
0599
0628
0622
0742
0600
1205
0611
0620
0681
0615
0613
0605
0619
0607
0603
0675
0615
0635
0620
0638
0664
0610
0626
0614
0603
0614
0607
0603
0604
0609
0595
0603
0621
0616
0664
0607
0606
1350
0647
0695
0620
0629
0626
0613
0626
0619
0617
0631
0616
0610
0607
0626
0614
0626
0607
0606
0631
0630
0617
0602
0603
0597
0603
0631
0613
0592
0618
0619
0611
0688
0622
0624
0617
0638
0609
0630
0616
0607
0648
0617
0626
0624
0606
0596
0638
0746
0599
0613
0624
0602
0610
0627
1120
0603
0630
0593
0596
1301
0656
0631
1487
0618
0605
0645
0607
0617
0649
0604
0606
0605
0674
0604
0622
0628
1547
0600
0612
0608
0612
0682
0608
0615
0635
0597
0593
0614
0609
1450
0606
0611
0606
0604
0608
0608
0604
0609
0661
0605
0625
0626
0604
0599
0603
0602
0598
0610
0601
0603
0595
0624
0599
0616
0606
0612
0600
0594
0610
1291
0626
0609
0617
0668
0625
0606
0612
0605
0617
0606
0629
1535
0649
0641
0608
0621
0633
0615
0612
0618
0602
0605
0615
0654
0615
0620
0654
0605
0596
0613
0615
0618
0615
0603
0616
0746
0599
0616
0605
0618
0611
0618
0636
0600
0626
0609
0600
0602
0612
0601
0611
0602
0634
0647
0610
0623
0677
0595
0604
0158
1282
0626
0654
0614
0609
0644
0612
0614
0611
0672
0614
0613
0612
0621
0610
0612
0610
0608
0622
0625
0625
0624
0641
0615
0603
0619
0666
0604
0608
0611
0619
0609
0628
0612
0613
0668
0634
0604
0601
0618
0610
0603
0623
0649
0659
0592
0602
0608
0613
0615
0620
1225
0635
0618
0605
0624
0667
0635
0598
1317
0656
0632
0615
0635
0611
0608
0611
0609
0633
0644
0636
0617
0630
0620
0624
0621
0634
0638
0631
0629
0628
0628
0605
0604
0652
0686
0611
0628
0595
0635
0603
1260
0605
0624
0613
0604
0605
0608
0616
0603
0602
0633
0620
0616
0629
0598
0598
0597
0596
0596
0598
0591
0718
0607
0618
0605
0613
0603
0612
1325
0670
0642
0618
0612
0616
0609
0633
0606
0614
0636
0605
0631
0615
0623
0614
0617
0707
0624
0629
0611
0646
0632
0622
0636
0619
0608
0609
0619
0641
0612
0625
0606
0624
0619
0604
0626
0603
0613
0621
0629
0607
0624
0646
0603
0611
0645
0635
0614
0625
0669
0612
0618
0607
0608
0622
0608
0630
0605
0618
1334
0686
0632
0614
0629
0605
0615
0602
0605
0630
0620
0618
0612
0611
0617
0654
0618
0621
0611
0619
0610
0599
0619
0610
0608
0609
0628
0612
0606
0598
0597
0601
0628
0626
0606
0609
0617
0614
0607
0601
0599
0602
0610
0607
0604
0625
0599
0639
0608
0621
0613
0617
0605
0607
0616
0606
0610
0656
0599
0600
1318
0646
0612
0615
0619
0622
0624
0618
0615
0643
0703
0606
0615
0625
0611
0625
0611
0615
0646
0625
0639
0637
0622
0606
0608
0613
0619
0637
0598
0616
0596
0614
0619
0625
0624
0608
0650
0639
0643
0630
0635
0602
0628
0651
0617
0620
0636
0602
0617
0627
0610
0610
0615
0635
0631
0642
0628
0620
0629
0597