1332
1391
0621
0639
0644
0634
0617
0612
0608
0621
0612
0622
0607
0616
0603
0700
0614
0610
0602
0606
0612
0621
0609
0611
0615
0620
0594
0635
0598
0608
0607
0602
0618
0608
0639
0606
0607
0619
0612
0663
0621
0617
0652
0625
0626
0641
0599
0603
0597
0599
0616
0598
0605
0622
0616
0610
0614
0649
0612
0599
1314
0705
0648
0629
0637
0623
0630
0621
0654
0612
0628
0615
0613
0623
0651
0605
0624
0617
0605
0604
0618
0605
0605
0606
0601
0631
0604
0620
0605
0598
0619
0608
0639
0626
1407
0625
0597
0605
0605
0607
0610
0598
0614
0637
0617
0609
0690
0615
0605
0649
0613
0605
0609
0599
0605
0607
0612
0607
0603
0598
1294
0684
0642
0650
0633
0618
0616
0651
0608
0618
0627
0604
0608
0612
0638
0620
0662
0623
0600
0611
0601
0606
0626
0612
0608
0628
0632
0606
0605
0599
0599
0604
0605
0614
0610
0609
0614
0610
0617
0607
0605
0616
0623
0635
0592
0619
0610
0602
0664
0603
0600
0606
0626
0598
0618
0614
0612
0609
0602
0607
1325
0656
0670
0622
0682
0621
0619
0612
0616
0607
0624
0624
0605
0622
0601
0626
0610
0608
0610
0605
0621
0609
0639
0605
0605
0605
0611
0604
0603
0609
0609
0604
0624
0628
0635
0599
0605
0599
0649
0601
0616
0612
0692
0597
0630
0600
0599
0848
0594
0600
0604
0618
0603
1181
0608
0622
0603
0613
0596
0591
1314
0680
0651
0665
0640
0615
0610
0621
0616
0622
0623
0629
0603
0609
0622
0620
0622
0616
0604
0677
0598
0603
0621
0607
0608
0670
0629
0619
0602
0598
0601
0603
0616
0626
0615
0610
0602
0616
0604
0727
0608
0606
0609
0741
0667
0602
0645
0753
0696
0602
1252
0616
0640
0638
0598
0612
0602
0601
0598
0657
1357
0656
0643
0645
0679
0630
0614
0623
0617
0611
0626
1589
0606
0608
0677
0618
0619
0612
0641
0608
0621
0603
0599
0640
0607
0604
0612
0604
0602
0627
0617
0607
0595
0600
0598
0614
0648
0616
0605
0611
0611
0631
0618
0605
0628
0602
0626
0680
0610
0601
0606
0606
0595
0599
1224
0633
0617
0599
0599
0603
1312
0675
0644
0619
0635
0609
0601
0608
0603
0612
0625
0612
0614
0606
0609
0613
0605
0610
0615
0672
0601
0629
0610
0606
0604
0607
0637
0600
0600
0611
0602
0620
0634
0606
0611
0609
0626
0598
0606
0606
0614
0610
0606
0608
0683
0661
0602
0631
0625
0596
0619
0604
0605
0598
0599
0620
0595
0603
0602
0622
1299
0638
0637
0605
0745
0607
0712
0622
1340
0602
0624
0623
0598
0601
0614
0613
1340
0627
0629
0604
0624
0608
0607
0616
0627
0611
0598
1106
0641
0613
0597
0606
0615
0605
0649
0607
0606
0598
0666
0608
1622
0628
0607
0647
0603
0607
0605
0617
0626
0622
0621
0686
0600
0602
0596
0597
0593
0621
0707
0599