1266
0822
0606
0616
0634
0603
0620
0612
0604
1067
0601
0620
0646
0612
0635
0622
0604
0643
0631
0614
0605
0604
0612
0614
0680
0631
0619
0606
0614
0617
0631
0605
0602
0623
0634
0604
0609
0689
0610
0609
0610
0622
0642
0623
0620
0634
0612
0631
0610
0602
0684
0602
0607
0597
0614
0598
0604
0654
0632
0600
1429
0608
0614
0620
0610
0609
0611
0634
0640
0601
0648
0617
0612
0607
0605
0609
0621
0612
0631
0605
0610
0601
0605
0640
0602
0626
0604
0611
0630
0643
0725
0619
0605
0607
0604
0609
0617
0604
0598
0613
0604
0607
0606
0614
0597
0630
0622
0618
0617
0634
0691
0603
0603
0606
0607
0604
0600
0635
0622
0602
1257
0664
0631
0669
0645
0617
0614
0615
0609
0616
0610
0604
1567
0632
0687
0606
0618
0635
0607
0603
0610
0595
0604
0605
0600
0602
0626
0602
0607
1419
0621
0598
0612
0604
0613
0609
0696
0604
0619
0604
0614
0633
0605
0644
0596
0623
0604
0604
0620
0606
0602
0600
0607
0603
0600
0617
0597
0618
0597
0597
1312
0617
0614
0633
0627
0600
0607
0607
0606
0610
0628
0607
0610
0616
0633
0617
0621
0626
0644
0609
0625
0610
0615
0609
0610
0604
0620
0607
0622
0603
0598
0601
0600
0611
0609
0608
0620
0621
0604
0617
0608
0605
0604
0611
0602
0614
0603
0598
0677
0605
0602
1531
0601
0600
0602
0614
0612
0600
0601
0621
1286
0625
0632
0625
0629
0627
0601
0616
0621
0604
0657
0618
0660
0606
0608
0653
0623
0620
0615
0632
0608
0748
0616
0602
0603
0602
0620
0673
0623
0603
0619
0600
0619
0608
0607
0618
0603
0622
0593
0626
0599
0609
0729
0633
0626
0606
0597
0602
0604
0612
0611
0751
0609
0600
0622
0601
0612
0621
0728
0612
1253
0627
0610
0629
0624
0611
0609
0607
0663
0613
1236
0612
0624
0636
0633
0608
0618
0608
0616
0604
0610
0692
0606
0630
0619
0620
0640
0601
0627
0598
0629
0620
0608
0606
0635
0622
0601
0634
0614
0646
0614
0610
1251
0636
0607
0631
0602
0601
0601
0597
0602
0606
0619
0604
0600
0624
0605
0622
0622
0619