1255
0718
0625
0612
0631
0605
0633
0620
0608
0613
0602
0617
0602
0610
0637
0606
0641
0605
0608
0607
0602
0601
0602
0604
0622
0612
0609
0603
0603
0599
0608
0607
0607
0609
0614
0616
0611
0654
0620
0614
0618
0616
0617
0605
1596
0595
0605
0602
0605
0634
0604
0596
0610
0603
0600
0622
0607
0614
0604
0623
1270
0624
0614
0613
0626
0711
0613
0620
1524
0602
0631
1512
0616
0610
0609
0618
0623
1414
0604
0600
0632
0612
0650
0608
0596
0618
0636
0603
0605
0599
0601
0600
0608
0613
0624
0622
0606
0603
0631
0613
0603
0607
0607
0626
0597
0655
0602
0597
0603
0595
0610
0605
0634
0591
0601
0606
0610
0603
0602
0600
1257
0622
0612
0625
0631
0623
0605
0614
0615
0598
0615
0605
0613
0621
0609
0605
0612
0605
0608
0605
0630
0600
0620
0616
0702
0615
0629
0644
0600
0612
0604
0618
0622
0694
0622
0601
0628
0598
0615
0602
0607
0619
0607
0603
0618
0612
0608
0615
0603
0676
0592
0600
0613
0596
0596
0620
0598
0595
0599
0599
1237
0612
6056
1854
0615
0626
0613
1351
0616
0612
0606
0616
0605
0626
1238
0601
0604
0627
0624
0611
0612
0623
0608
0628
0601
0619
0598
0604
0671
0634
0643
0641
0630
0628
0601
0607
0600
0599
0603
0595
0598
0603
0593
0602
0594
0596
0606
0659
0594
0594
0615
0602
0624
0597
0600
0600
0612
0598
0596
0607