10521
10513
10022
10034
10776
10152
8815
9518
9567
9635
9949
9937
8676
9444
9422
9409
8490
8335
8624
8453
8545
9176
8688
9314
8848
8710
8162
8834
9018
9282
9417
8531
9278
8729
8966
8854
9003
9491
8403
8286
9280
8592
8846
8243
9361
8285
8905
8502
9193
9295
8323
8841
8761
8285
9546
9686
9689
8877
8628
8448
8686
8644
10696
9402
8401
8350
8679
8188
8805
8303
8824
8801
8927
9160
8883
9217
9036
8494
8571
8497
8625
8238
8154
8502
9232
8754
9132
9442
9872
8204
8730
8859
8721
8193
8422
8918
8955
9279
8385
9603
8763
8626
8499
8759
8685
8667
8877
8687
8895
8565
8767
8466
8660
9284
8776
8896
8728
8274
8385
8584
8598
8790
8810
9308
9559
8927
8842
8770
8194
9164
8602
8511
8397
8633
8480
8817
8668
8557
8588
8705
8635
8684
8688
8354
8442
8277
9507
8545
8508
9179
8642
8323
8600
8834
8944
8443
9341
8788
8625
8019
8971
8321
8183
8469
8549
8703
8866
8906
8753
8962
8520
8625
8524
8694
8972
8737
9471
8813
9098
8594
8847
9226
8601
8651
8720
8817
9136
8856
8648
8799
8812
8081
8307
8596
9279
8890
8417
10137
10202
8799
10521
10555
8763
10145
9658
9150
9740
9744
9746
8687
9310
8575
9217
8811
9591
9547
8318
8753
8767
9027
8427
9115
9017
9084
8890
8316
8217
8730
9074
8680
8744
8715
8620
9407
8893
8937
8966
9516
8782
9138
8648
9309
8687
8854
8935
8401
8928
8886
8324
8474
9215
9265
8172
8809
8284
8917
8401
9456
8997
9106
8582
8519
9254
8694
8611
8652
8718
8780
8862
8851
8930
9017
8396
8862
8326
8530
8974
8561
8662
8644
8915
8812
8907
8924
8278
8495
8418
8442
8690
8440
8853
8651
8164
8118
9322
8791
8857
8382
9088
9705
9959
9143
8596
8548
8590
8734
9068
8199
8348
8225
9590
9044
8582
9413
8832
8915
9306
8666
8316
8859
8958
8381
8587
8560
8407
8493
8058
8169
8702
8080
9400
8819
8873
8398
8677
8616
8687
8257
8880
8540
9196
8773
9317
8879
8986
8387
8667
9475
8191
8181
8811
9438
8779
9189
8377
8371
8695
8740
8787
8856
8273
8734
8099
8127
8747
8476
8600
8512
9282
8431
8113
8034
8054
8731
8720
8554
8875
8762
8759
8836
8526
8503
8561
8719
8671
8829
8189
8201
8745
8823
8460
8620
8305
8559
9287
9310
8794
8852
8754
9282
8174
9023
8434
8099
9599
8763
8791
8720
9255
8816
8662
8553
8709
9452
8677
8412
8780
8412
8644
8407
8296
8485
8477
8366
8824
8790
8219
8681
8988
8478
9151
8596
8670
9176
8233
8209
8944
8395
9064
8994
8628
8605
8538
8679
8902
8305
8282
8488
8847
8924
8333
8388
8702
8572
8584
8897
10593
10597
10636
10620
10619
9396
10647
10060
10797
10157
10129
9545
10200
10263
10450
8675
8686
8809
9108
8314
9141
9054
8734
8295
9526
9509
9482
8801
8293
9018
8661
9052
8745
8295
8885
8734
8496
8912
9549
8339
8455
8497
8648
8595
8792
8861
8680
8669
8815
8888
8168
8974
9095
8874
8666
9862
8840
8696
8721
8323
9083
9146
8764
8170
9565
9492
8861
8818
8754
9148
8662
8736
8682
8998
8365
9130
8742
8737
8390
8932
9098
9044
9426
8823
8919
8945
8037
8414
8459
8228
8217
8628
9337
8645
8157
8893
8827
8647
8245
8858
8540
8210
9438
8887
8435
8512
8466
8986
8805
8243
8172
8925
8602
8574
8868
8341
9114
8629
9234
8732
8515
8793
9145
8447
8697
8661
8663
8333
9115
8465
8382
8842
8849
8685
8865
9261
8760
8434
8250
8289
9354
9087
8502
8797
8773
8613
9510
8308
8367
8347
8881
8673
8562
8888
9315
8270
8780
8838
8826
8714
8622
8129