11618
11086
11101
11772
10640
10079
10352
9106
9585
9724
8508
9059
8464
8626
8580
8907
8610
9249
8131
8721
8297
8941
8889
8870
8879
8872
8824
8609
8650
8574
8204
8904
8389
9362
8879
8319
8718
8473
8951
8855
8904
8846
8856
8681
8657
9482
8294
9137
8547
8929
9003
8929
8515
8753
8139
9442
8212
8716
8238
8404
8118
8921
8787
8840
8969
8746
8512
8653
8224
8863
8458
8596
9254
8975
8528
8461
9210
8188
8807
8776
8974
8841
8127
8694
8392
9020
9255
8393
8689
8751
8422
8796
9089
8816
8408
8742
8591
8393
8307
8602
8999
8653
8880
8791
8520
8659
8178
9504
8869
8328
9252
8953
11443
11420
9620
8800
8852
9453
8417
8941
8794
8192
9538
8850
8719
8906
8619
8937
8854
8924
8857
9393
8938
8495
8645
8998
9048
11041
11071
10504
10462
10474
10423
11205
9925
11896
11930
10711
9494
9989
10172
8986
8379
8384
9161
8189
8384
8908
9004
8316
8737
8502
9045
9516
9606
8348
8290
9557
8534
8291
8492
8946
8989
8389
8779
8687
8815
8395
8264
9505
8269
8889
8527
8451
9490
8892
8642
8859
8402
8587
8795
8331
8340
9402
9590
9617
9151
9251
8927
8722
8224
8371
8969
8956
8626
8800
8906
10290
9149
8920
9371
8933
8776
8169
8218
8731
9009
8472
8223
8774
8724
9132
8869
9617
8695
8582
8667
8627
8656
8184
8339
8183
8656
8372
8278
8121
8760
8405
10858
11619
11707
10430
11910
9409
8847
10112
9532
9495
9005
8754
8921
9012
9561
8493
8697
8568
9403
8258
9109
9110
8907
8165
8886
8355
8384
8654
8755
8969
8965
8899
8660
8997
8521
8248
8287
8221
9296
8662
8800
8203
9034
8735
8735
9023
8833
8475
8556
8727
8419
8381
8592
8584
8761
8583
8488
8966
8519
8836
9151
8766
8756
8671
8392
8946
9348
8504
8836
9157
8381
8605
9546
8714
8690
9343
8651
8904
8408
8455
9284
9638
8420
9855
8545
8559
8673
8842
9146
8981
8574
9082
8783
9436
8239
8511
10357
9566
9246
8791
8303
8606
9636
8862
8886
8788
8379
9129
8802
8883
9230
8257
9462
8496
8588
8530
8602
8901
8837
8693
8591
8651
9373
8204
9305
8247
8872
8467