8291
10367
10415
9153
8546
9861
9995
9334
9506
10222
8910
8964
8978
8498
8475
7930
8777
8865
9435
8327
8233
8206
9022
9071
7811
8500
8603
8766
8760
8118
8968
7933
9073
8430
8504
9206
8706
8760
8923
8229
8231
8189
9078
9647
9584
8422
8599
7970
8570
8373
8327
8600
9280
7842
8308
8292
8275
8453
8503
8367
9161
8913
8106
8417
8526
8386
8255
7751
8218
9513
9043
8809
8843
8370
8569
8419
8420
7859
8639
9300
8227
8437
8661
8898
8195
8261
9788
7702
8320
8170
8387
7705
7811
8682
9076
8927
7722
7862
8262
7907
8532
8549
8950
8412
8898
7809
7939
8062
8432
8221
7730
8734
7689
8176
8324
8405
8372
7899
8207
8226
8244
8018
8794
8216
8867
8862
8360
8138
8448
7754
8734
8589
8414
7816
7726
9307
8139
8332
8220
8151
8310
8350
8524
8655
7838
8207
8121
9113
8843
8314
7697
8346
8118
8099
7701
9854
9822
8041
8153
8237
9108
8701
7902
8356
8661
8602
8523
8371
8354
8329
8654
8266
7829
7745
8401
8778
9035
7836
9108
8808
8919
8169
8411
10306
10408
10448
10528
10540
9958
10622
9905
9388
8926
8465
8452
9553
8809
8885
8841
8341
8408
9261
9197
9192
8107
8670
8081
8346
8567
8840
8395
9764
7892
8780
8197
8130
8126
8234
8390
9451
9294
9858
8856
8674
8779
8185
8494
8349
8709
9606
8555
9544
8432
7859
7955
8756
8136
8151
7613
8234
7801
8602
7986
8597
8615
9107
9436
8484
8798
8669
8586
9939
8446
8290
8296
9051
8402
8806
9433
8431
8316
8149
7969
8722
8682
9577
9451
8952
8298
7811
8412
8562
9330
8368
8754
8746
8607
8046
8669
8328
7963
8256
8185
8529
8474
8545
8315
8726
8954
8270
8424
8480
8428
9125
7978
8498
8402
8107
8662
8566
8290
8382
8102
8552
8453
8130
8422
8299
8870
8157
8435
8461
8560
7930
8179
7719
8999
8377
8886
8376
8526
8585
8073
9170
8394
8179
8107
8464
8083
7624
7592
8698
8262
8525
8336
8081
7698
8255
8605
8359
7845
8371
9076
8484
8739
8655
9374
8201
7725
8120
8314
9800
8302
8485
8066
8931
8095
7734
8230
8909
8435
8405
7808
8111
8782
8749
8348
8984
8710
9336
10322
10380
10449
8588
9372
10058
10088
9558
9552
10227
9064
8940
8508
8541
8543
9119
9731
8346
8399
7838
9236
9212
8188
8372
8508
9115
8519
8489
8832
8484
8902
9246
8280
8295
8134
8613
8756
8180
8254
8287
7925
8345
9896
8228
8252
8288
8416
8969
8423
7739
8480
9090
9204
9614
8371
8654
8170
8867
8562
8446
7954
9283
8548
7920
8228
8209
8910
8439
7837
8406
8714
7791
7978
8084
8496
8304
8124
7919
8072
7554
8573
9070
8310
7978
8866
8467
9220
8108
8856
7784
8737
7718
7989
8345
9039
8163
8583
8736
8479
7938
8460
8997
8371
7768
8673
8302
9175
8428
8921
9302
8284
8197
8398
9638
8885
8233
7970
8646
8120
8367
7595