[8198
,8929
,8621
,8577
,8953
,8266
,8336
,8559
,10362
,8992
,8611
,8349
,8456
,8840
,8159
,8607
,8974
,8390
,8686
,9826
,8515
,8830
,10984
,8796
,8371
,8247
,8814
,8756
,8396
,8769
,8631
,8454
,8993
,9149
,8831
,8333
,8933
,8165
,8573
,8213
,8366
,8106
,8139
,8290
,8917
,8693
,8344
,9036
,8153
,8960
,8677
,8180
,8379
,8132
,8488
,8963
,8672
,8499
,7974
,8839
,8691
,8919
,8479
,8092
,8078
,8791
,8712
,8393
,8387
,8089
,9003
,8431
,8701
,8498
,8769
,8252
,8482
,8146
,8818
,9023
,8837
,9046
,9001
,8922
,8672
,9776
,8573
,8344
,9076
,8857
,8567
,8860
,8279
,8314
,8882
,8543
,8346
,8211
,8650
,8245]