[9574
,8808
,9196
,8936
,8933
,8704
,9443
,9380
,10278
,9692
,9379
,8757
,9183
,9458
,9477
,9481
,8994
,9618
,9325
,9117
,8989
,8695
,9463
,8818
,9175
,9746
,8934
,9108
,8633
,8774
,9004
,9097
,8699
,9308
,8778
,9599
,9145
,9013
,9021
,9290
,9683
,9587
,9341
,9389
,9571
,8886
,9519
,9569
,8787
,9400
,8968
,8815
,9516
,8871
,9131
,10314
,9662
,8647
,8874
,8973
,8674
,9826
,9508
,9010
,8854
,8913
,9490
,10166
,9218
,8718
,8918
,8980
,9954
,9391
,9361
,9149
,9322
,9606
,9184
,9452
,9313
,8674
,8829
,9121
,9170
,9360
,8780
,9165
,9188
,9397
,9133
,9651
,8899
,9362
,9247
,8902
,9197
,9527]