[1790
,2344
,1431
,2017
,3084
,1854
,1524
,2137
,1899
,1351
,2157
,1592
,3026
,2220
,2860
,1996
,2757
,1117
,2613
,2110
,2310
,2569
,2543
,1698
,2054
,2579
,2398
,2845
,2538
,3426
,2919
,2579
,2200
,2658
,1391
,2647
,2115
,2416
,2090
,1492
,1470
,2092
,2026
,1821
,2294
,1845
,1590
,1216
,1743
,2313
,2260
,3010
,3138
,3700
,2952
,1845
,2637
,1254
,2323
,1728
,1143
,1908
,1396
,2153
,2306
,1697
,1179
,1970
,1445
,2906
,2098
,2841
,2812
,1940
,1413
,2043
,1152
,1690
,2917
,2626
,3382
,2222
,1346
,1191
,2902
,1954
,1625
,2854
,2607
,1847
,2791
,2949
,1670
,1417
,1952
,1589
,2552
,2202
,1348
,1301]