[
704,
636,
617,
600,
589,
565,
554,
577,
541,
517,
555,
531,
519,
497,
508,
486,
475,
464,
441,
452,
756,
745,
718,
706,
695,
684,
662,
673,
651,
640,
640,
629,
607,
618,
596,
573,
585,
562,
551,
540,
447,
436,
425,
412,
400,
389,
377,
365,
343,
354,
300,
276,
288,
1016,
1004,
993,
982,
959,
970,
947,
923,
935,
912,
915,
904,
892,
881,
869,
855,
844,
832,
820,
802,
320,
309,
298,
287,
275,
264,
242,
253,
230,
219,
815,
760,
749,
738,
727,
716,
705,
694,
683,
672,
673,
662,
650,
639,
620,
608,
597,
586,
574,
563,
219,
162,
151,
140,
129,
118,
107,
96,
1005,
993,
983,
972,
961,
939,
928,
917,
906,
895,
896,
885,
874,
862,
851,
840,
829,
962,
757,
745,
399,
388,
377,
366,
355,
344,
333,
322,
310,
300,
763,
735,
718,
707,
696,
684,
673,
661,
651,
639,
640,
629,
618,
607,
596,
585,
573,
562,
551,
540,
157,
145,
134,
123,
112,
101,
1006,
995,
984,
972,
962,
951,
940,
929,
918,
907,
909,
891,
878,
866,
851,
839,
783,
771,
759,
747,
172,
160,
149,
138,
127,
550,
493,
481,
470,
459,
448,
437,
426,
415,
404,
305,
294,
283,
271,
260,
249,
198,
187,
175,
164,
768,
757,
746,
735,
723,
711,
700,
688,
677,
666,
665,
653,
642,
631,
619,
608,
597,
586,
575,
520,
171,
160,
149,
138,
127,
116,
105,
497,
486,
474,
464,
453,
442,
431,
420,
409,
398,
300,
245,
233,
223,
212,
201,
189,
179,
168,
156,
771,
760,
749,
738,
727,
716,
705,
694,
683,
672,
673,
662,
651,
640,
629,
618,
565,
554,
543,
532,
175,
164,
154,
143,
132,
121,
110,
1006,
995,
984,
973,
962,
951,
939,
928,
917,
867,
867,
856,
844,
833,
822,
811,
799,
788,
775,
764,
404,
393,
382,
496,
371,
360,
349,
338,
327,
276,
603,
591,
580,
569,
558,
546,
535,
524,
513,
501,
501,
443,
432,
421,
410,
399,
388,
376,
365,
354,
563,
551,
539,
480,
469,
458,
447,
436,
425,
413,
423,
412,
401,
390,
378,
367,
355,
343,
332,
320,
553,
541,
486,
474,
463,
440,
429,
418,
406,
395,
463,
394,
383,
371,
361,
350,
339,
327,
316,
305,
560,
504,
493,
482,
470,
460,
450,
439,
427,
416,
316,
305,
294,
283,
272,
261,
189,
178,
167,
156,
759,
747,
737,
726,
715,
704,
692,
681,
670,
658,
661,
650,
639,
628,
617,
606,
595,
584,
573,
562,
569,
557,
546,
534,
524,
467,
456,
444,
433,
421,
423,
390,
379,
368,
357,
346,
401,
335,
412,
324,
505,
483,
471,
413,
400,
389,
378,
356,
367,
345,
243,
233,
211,
223,
201,
190,
179,
168,
993,
982,
971,
960,
948,
937,
926,
915,
905,
894,
898,
887,
876,
864,
854,
843,
831,
820,
809,
798,
309,
298,
286,
275,
252,
264,
241,
230,
219,
208,
808,
797,
785,
725,
714,
702,
691,
680,
669,
657,
662,
651,
640,
628,
618,
607,
596,
574,
585,
563,
164,
153,
197,
142,
131,
543,
532,
521,
510,
498,
486,
475,
463,
451,
440,
394,
383,
372,
361,
349,
338,
327,
315,
304,
291,
749,
737,
726,
715,
663,
652,
639,
626,
615,
604,
603,
592,
581,
569,
558,
547,
536,
525,
514,
502,
149,
137,
127,
116,
989,
978,
967,
956,
945,
933,
922,
911,
900,
889,
892,
881,
869,
859,
848,
837,
825,
814,
803,
792,
411,
400,
389,
378,
367,
344,
332,
321,
310,
299,
553,
542,
531,
519,
508,
496,
485,
474,
463,
410,
408,
397,
386,
375,
364,
352,
341,
329,
318,
306,
559,
548,
536,
525,
514,
502,
491,
439,
427,
416,
415,
404,
392,
381,
369,
358,
345,
333,
322,
311,
764,
752,
741,
729,
717,
706,
694,
682,
671,
660,
659,
648,
636,
625,
614,
603,
591,
579,
568,
557,
166,
155,
143,
132,
121,
110,
1054,
1043,
1032,
1021,
1010,
999,
988,
977,
965,
954,
953,
941,
930,
919,
907,
895,
884,
873,
862,
801,
300,
288,
276,
264,
253,
241,
230,
219,
208,
147,
1007,
996,
985,
973,
963,
951,
940,
928,
917,
906,
904,
893,
881,
869,
858,
847,
836,
825,
814,
802,
306,
294,
283,
271,
260,
249,
238,
227,
216,
205,
1009,
998,
987,
965,
976,
954,
943,
932,
921,
911,
912,
901,
890,
879,
867,
856,
846,
835,
824,
813,
435,
422,
408,
397,
386,
375,
364,
353,
342,
331,
713,
690,
701,
679,
667,
594,
583,
561,
572,
550,
554,
542,
520,
531,
497,
508,
486,
474,
462,
451,
809,
798,
746,
735,
724,
713,
702,
690,
679,
668,
670,
659,
648,
636,
625,
614,
603,
592,
581,
570,
228,
217,
166,
155,
140,
129,
1006,
1017,
995,
984,
973,
962,
951,
940,
929,
918,
897,
908,
919,
886,
875,
864,
852,
841,
830,
819,
426,
415,
404,
393,
382,
371,
358,
346,
336,
325,
550,
539,
528,
471,
459,
448,
437,
426,
415,
404,
172,
160,
150,
139,
128,
117,
545,
533,
477,
466,
455,
444,
433,
422,
411,
399,
401,
390,
379,
368,
357,
346,
335,
324,
313,
301,
561,
504,
493,
482,
470,
457,
446,
435,
424,
412,
415,
404,
392,
381,
370,
358,
347,
336,
325,
314,
758,
747,
736,
725,
714,
703,
691,
679,
668,
657,
658,
646,
634,
623,
612,
601,
590,
579,
568,
557,
169,
158,
147,
135,
124,
112,
101,
1016,
1004,
993,
982,
970,
959,
948,
935,
924,
913,
915,
904,
893,
882,
830,
818,
806,
795,
783,
772,
303,
291,
280,
269,
217,
206,
194,
183,
172,
161,
776,
764,
752,
741,
729,
718,
707,
696,
685,
674,
675,
664,
653,
641,
630,
619,
608,
597,
547,
536,
180,
169,
157,
146,
135,
124,
113,
101,
358,
346,
335,
324,
313,
302,
291,
280,
269,
258,
258,
246,
234,
223,
212,
201,
149,
137,
126,
115,
774,
763,
751,
739,
727,
715,
704,
691,
679,
668,
667,
656,
645,
633,
622,
611,
600,
588,
577,
566,
176,
165,
154,
142,
130,
119,
1012,
1001,
989,
977,
966,
955,
944,
932,
921,
910,
909,
898,
886,
875,
864,
853,
842,
788,
776,
765,
311,
300,
289,
278,
267,
256,
228,
171,
160,
149,
765,
755,
744,
722,
711,
700,
689,
678,
667,
656,
659,
647,
747,
636,
626,
614,
604,
592,
582,
569,
166,
154,
143,
132,
121,
110,
1009,
998,
987,
976,
965,
954,
943,
931,
921,
910,
911,
900,
889,
878,
867,
808,
797,
786,
774,
762,
270,
258,
246,
235,
224,
146,
134,
122,
110,
98,
1011,
1000,
988,
977,
966,
955,
944,
933,
922,
911,
913,
902,
891,
880,
869,
858,
847,
836,
825,
814,
331,
320,
309,
298,
287,
265,
276,
254,
232,
243,
699,
677,
688,
666,
655,
633,
644,
622,
611,
589,
610,
588,
577,
554,
566,
543,
532,
509,
521,
487,
555,
544,
534,
522,
512,
501,
490,
479,
467,
456,
414,
402,
391,
380,
369,
347,
358,
336,
324,
313,
570,
558,
547,
536,
525,
514,
502,
492,
436,
423,
422,
408,
397,
385,
374,
363,
352,
341,
329,
317,
804,
793,
837,
782,
683,
672,
660,
648,
637,
626,
626,
615,
603,
591,
580,
568,
557,
546,
535,
524,
194,
182,
171,
160,
1039,
1028,
1016,
990,
973,
962,
951,
939,
928,
917,
915,
904,
893,
881,
870,
859,
848,
837,
825,
814,
398,
387,
376,
364,
353,
342,
330,
319,
308,
297,
529,
518,
507,
496,
484,
473,
462,
450,
439,
428,
384,
373,
361,
350,
327,
316,
305,
294,
283,
272,
794,
783,
772,
761,
750,
697,
685,
674,
662,
651,
652,
641,
629,
618,
605,
594,
583,
571,
560,
549,
215,
204,
146,
135,
124,
113,
102,
150,
138,
209,
198,
143,
132,
121,
109,
98,
579,
568,
557,
546,
535,
481,
470,
457,
446,
435,
337,
326,
314,
303,
291,
280,
269,
258,
247,
236,
616,
593,
604,
581,
569,
485,
474,
463,
451,
440,
1008,
1020,
997,
975,
986,
963,
952,
941,
919,
930,
919,
907,
896,
873,
885,
861,
839,
850,
827,
816,
577,
565,
554,
543,
532,
521,
510,
449,
438,
426,
429,
417,
406,
394,
383,
372,
360,
349,
338,
327,
570,
559,
537,
548,
525,
514,
461,
449,
438,
427,
329,
318,
307,
296,
285,
274,
263,
251,
239,
227,
753,
741,
731,
720,
709,
698,
687,
676,
665,
654,
654,
643,
632,
620,
610,
598,
587,
576,
560,
550,
317,
294,
283,
272,
261,
249,
305,
238,
186,
175,
1017,
1006,
994,
983,
972,
961,
950,
939,
928,
917,
915,
904,
893,
882,
871,
860,
848,
790,
779,
768,
305,
293,
282,
271,
260,
249,
238,
185,
174,
163,
757,
747,
736,
725,
714,
703,
692,
681,
669,
658,
662,
650,
639,
628,
617,
606,
595,
583,
572,
561,
322,
311,
299,
288,
277,
266,
211,
200,
189,
177,
1020,
1008,
997,
985,
973,
962,
950,
938,
926,
915,
916,
905,
893,
882,
870,
859,
797,
786,
773,
762,
412,
401,
390,
379,
368,
357,
346,
335,
323,
312,
527,
516,
504,
492,
481,
470,
458,
447,
436,
423,
421,
410,
399,
388,
363,
352,
340,
329,
317,
307,
540,
529,
518,
507,
496,
485,
474,
463,
451,
440,
438,
427,
415,
404,
393,
381,
370,
353,
342,
331,
771,
760,
748,
724,
713,
702,
690,
679,
667,
656,
656,
645,
634,
623,
612,
601,
540,
528,
517,
506,
164,
153,
141,
129,
118,
1021,
1010,
999,
988,
977,
954,
965,
942,
931,
920,
922,
869,
858,
846,
835,
823,
811,
800,
788,
777,
446,
435,
424,
413,
401,
390,
379,
367,
357,
346,
528,
517,
505,
481,
470,
459,
447,
435,
423,
412,
284,
273,
262,
251,
240,
228,
217,
206,
195,
184,
1009,
997,
986,
974,
962,
951,
755,
743,
731,
719,
717,
705,
693,
681,
670,
659,
647,
636,
624,
613,
115,
104,
93,
1026,
1015,
1004,
993,
982,
971,
960,
949,
937,
926,
926,
914,
902,
891,
879,
867,
855,
844,
786,
775,
328,
317,
305,
294,
283,
271,
260,
248,
193,
181,
767,
756,
744,
733,
722,
711,
700,
689,
678,
667,
666,
654,
642,
630,
618,
607,
596,
585,
574,
563,
151,
140,
129,
118,
108,
96,
1016,
1005,
994,
983,
972,
961,
949,
938,
928,
918,
917,
905,
895,
883,
872,
861,
802,
791,
779,
768,
425,
413,
402,
391,
380,
369,
358,
347,
335,
324,
472,
460,
449,
438,
427,
416,
405,
394,
383,
371,
375,
364,
353,
342,
330,
309,
298,
320,
287,
275,
773,
762,
751,
740,
729,
718,
696,
707,
674,
663,
662,
694,
651,
640,
629,
617,
607,
596,
584,
573,
172,
183,
149,
160,
138,
116,
127,
945,
914,
925,
1012,
903,
892,
870,
881,
859,
837,
856,
835,
824,
802,
813,
791,
768,
780,
713,
702,
352,
342,
331,
320,
309,
288,
299,
276,
266,
255,
806,
795,
784,
773,
762,
705,
694,
683,
672,
661,
661,
650,
639,
628,
617,
606,
584,
595,
572,
561,
218,
206,
195,
184,
173,
120,
109,
1014,
1003,
992,
981,
970,
947,
936,
958,
925,
914,
914,
903,
891,
880,
869,
858,
847,
836,
825,
814,
320,
308,
296,
285,
274,
263,
251,
240,
228,
217,
1024,
1013,
1002,
991,
979,
968,
957,
945,
934,
922,
921,
909,
897,
886,
875,
863,
852,
841,
818,
807,
385,
373,
363,
351,
340,
329,
318,
307,
296,
285,
566,
555,
544,
533,
520,
509,
498,
487,
475,
463,
301,
288,
277,
266,
254,
243,
232,
220,
208,
197,
788,
777,
766,
755,
744,
687,
664,
675,
652,
640,
639,
627,
616,
605,
594,
582,
571,
560,
549,
535,
199,
188,
177,
166,
155,
102,
511,
500,
489,
478,
466,
455,
444,
432,
421,
363,
260,
249,
238,
227,
215,
204,
192,
181,
170,
159,
801,
790,
779,
767,
757,
700,
688,
677,
666,
655,
658,
646,
634,
623,
612,
601,
590,
577,
566,
555,
221,
210,
199,
188,
177,
117,
1014,
1003,
992,
981,
970,
958,
946,
934,
922,
911,
910,
899,
888,
865,
854,
843,
877,
832,
821,
809,
316,
305,
294,
283,
272,
261,
250,
239,
227,
216,
814,
803,
750,
739,
728,
716,
704,
693,
682,
670,
670,
659,
648,
636,
625,
613,
602,
591,
580,
569,
567,
556,
544,
531,
520,
464,
452,
441,
430,
419,
320,
308,
297,
286,
275,
264,
253,
242,
231,
220,
810,
798,
787,
775,
764,
753,
741,
730,
719,
707,
706,
695,
683,
672,
660,
648,
636,
624,
613,
601,
559,
548,
536,
525,
514,
502,
491,
439,
428,
417,
416,
404,
393,
382,
371,
360,
349,
338,
326,
315,
778,
767,
756,
745,
734,
723,
712,
701,
690,
678,
682,
670,
660,
649,
638,
627,
616,
605,
594,
583,
310,
299,
287,
277,
265,
254,
1018,
1007,
996,
985,
973,
962,
951,
940,
929,
918,
920,
909,
898,
843,
832,
821,
810,
799,
788,
777,
330,
319,
307,
248,
237,
226,
215,
203,
192,
180,
1027,
1009,
988,
977,
965,
954,
943,
921,
909,
932,
909,
859,
847,
835,
823,
812,
789,
778,
801,
767,
407,
395,
385,
373,
362,
351,
340,
329,
318,
307,
542,
531,
519,
509,
498,
487,
476,
465,
454,
442,
347,
290,
279,
268,
257,
246,
222,
203,
193,
182,
772,
761,
750,
739,
728,
706,
695,
717,
683,
672,
674,
663,
652,
641,
583,
572,
560,
549,
538,
525,
214,
203,
192,
114,
525,
514,
503,
492,
481,
470,
459,
448,
437,
384,
295,
284,
273,
261,
250,
239,
227,
215,
204,
193,
816,
805,
794,
782,
771,
712,
701,
689,
678,
667,
664,
653,
642,
630,
619,
608,
597,
586,
575,
564,
195,
183,
171,
159,
148,
990,
979,
967,
956,
944,
933,
921,
909,
898,
886,
886,
875,
864,
853,
842,
831,
820,
809,
798,
787,
273,
350,
261,
250,
238,
227,
216,
205,
183,
172,
1001,
990,
978,
966,
954,
943,
931,
920,
909,
898,
898,
887,
876,
865,
854,
842,
830,
819,
808,
797,
298,
287,
276,
265,
254,
243,
232,
221,
209,
199,
1020,
1009,
998,
987,
975,
964,
953,
942,
931,
919,
921,
910,
837,
899,
812,
800,
789,
778,
767,
756,
361,
350,
339,
327,
316,
304,
293,
282,
271,
258,
553,
543,
533,
522,
511,
500,
490,
479,
467,
457,
374,
307,
296,
285,
274,
262,
251,
240,
229,
218,
806,
795,
783,
772,
716,
705,
694,
683,
672,
661,
661,
650,
639,
628,
616,
605,
594,
582,
571,
560,
216,
204,
192,
181,
127,
115,
104,
1015,
1004,
992,
981,
969,
957,
946,
935,
924,
913,
912,
901,
890,
879,
868,
857,
846,
835,
824,
812,
319,
306,
295,
284,
273,
262,
251,
240,
229,
218,
1019,
1007,
995,
984,
973,
961,
949,
938,
926,
915,
915,
904,
892,
881,
870,
859,
847,
836,
825,
813,
419,
407,
396,
384,
372,
361,
350,
338,
327,
315,
595,
563,
551,
575,
467,
455,
444,
432,
421,
410,
410,
398,
386,
375,
364,
353,
341,
330,
319,
308,
808,
796,
737,
726,
715,
704,
693,
682,
671,
647,
647,
670,
636,
625,
614,
603,
592,
581,
570,
558
]