[446,
283,
226,
980,
911,
820,
744,
668,
599,
530,
462,
372,
298,
248,
191,
131,
60,
976,
902,
823,
753,
678,
600,
531,
414,
311,
243,
197,
114,
1033,
956,
895,
821,
741,
673,
606,
532,
464,
390,
332,
264,
175,
122,
1036,
961,
886,
827,
767,
707,
637,
527,
469,
409,
347,
273,
213,
146,
91,
1009,
948,
878,
817,
743,
684,
625,
570,
498,
434,
391,
330,
252,
194,
137,
83,
1009,
955,
886,
809,
730,
651,
590,
531,
473,
409,
368,
308,
248,
181,
126,
1005,
945,
883,
824,
747,
688,
622,
564,
508,
443,
388]