[16032,
15991,
14937,
14893,
14844,
14798,
14746,
14707,
14587,
14508,
14461,
14417,
14372,
14326,
14277,
14237,
14184,
13198,
13118,
13029,
12982,
12937,
12892,
12851,
12327,
12280,
12235,
12187,
12144,
11820,
11779,
11742,
11694,
11175,
11127,
11080,
11038,
10997,
15615,
15565,
15482,
15435,
15361,
15322,
15274,
15228,
15182,
15133,
15090,
15037,
14724,
14684,
14602,
14199,
14152,
14058,
14011,
13965,
13915,
13871,
13825,
13778,
13733,
13682,
13628,
13579,
13532,
13487,
13442,
13334,
13294,
13213,
13129,
12864,
12822,
12740,
12696,
12652,
12557,
12514,
12476,
12428,
12160,
12094,
12050,
12007,
11965,
11920,
11710,
11661,
11615,
11570,
11496,
11452,
11408,
11371,
11324,
11272,
11013,
10970]