1382
0616
0625
0623
0645
0606
0603
0610
0618
0625
0606
0606
0608
0614
0633
0613
0608
0609
0602
0620
0612
0602
0599
0604
0604
0630
0632
0600
0599
0607
0605
0700
0592
0596
0605
0604
0608
0590
0603
0601
0609
0603
0615
0618
0638
0614
0602
0590
0847
0601
0607
0606
0601
0606
0611
0601
0597
0598
0595
0598
1343
0680
0618
1465
0619
0601
0615
0604
0604
0631
0614
0609
0602
0628
0613
0601
0607
0617
0614
0598
0599
0595
0627
0628
0599
0616
0649
0619
0605
0617
0604
0603
0636
0608
0602
0637
0624
0590
0594
0607
0618
0606
0611
0624
0593
0619
0598
0610
0604
0611
0602
0602
0600
0618
0597
0624
0595
0615
0666
0600
1380
0611
0735
0636
0621
0656
0604
0614
0602
0609
1080
0614
0611
0610
0619
0610
0621
0615
0607
0607
0603
0605
0598
0601
0607
0630
0607
0621
0604
0604
0591
0600
0598
0598
0600
0616
0602
0596
0646
0605
0619
0606
0618
0604
0634
0610
0594
0593
0602
0626
0603
0620
0596
0591
0591
0611
0593
0590
0594
0591
1308
0611
0618
0603
0623
0602
0605
0606
0628
0610
0713
0607
0606
0620
0619
0621
0612
0621
0612
0643
0607
0625
0613
0599
0599
0599
0603
0603
0628
0600
0619
0605
0603
0607
0601
0598
0613
0626
0622
0610
0604
0620
0607
0623
0609
0586
0611
0610
0601
0659
0596
0602
0601
0603
0599
0618
0609
0599
0593
0611
1336
0623
0619
0620
0629
0627
0625
0617
0603
0608
0613
0610
0621
0631
0615
0789
0597
0604
0613
0605
0601
0600
0619
0610
0602
0604
0608
0622
0708
0611
0610
0598
0601
0603
0610
0602
0604
0647
0596
0610
0649
0617
0603
0656
0633
0598
0613
0597
0600
0592
0608
0613
0602
0595
0603
0616
0625
0598
0602
0624
1280
0611
0608
0638
0621
0728
0609
0635
0604
0632
0613
0613
0624
0598
0643
0601
0613
1373
0602
0600
0601
0594
0610
0602
0613
0606
0637
0604
0605
0602
0591
0608
0600
0602
0620
0597
0593
0603
0601
0602
0617
0631
0632
0614
0638
0603
0593
0615
0607
0600
0595
0615
0597
0626
0593
0691
0592
0593
0606
0606
