
[
[0,48,987,989,1149,3225,3345,10504,10533],
[0,44,318,319,402,1136,1180,8351,8393],
[0,46,892,892,977,1715,1760,8910,8978],
[0,30,42,42,127,1849,1877,9026,9069],
[0,31,786,786,865,1630,1669,8858,8896],
[0,30,468,468,550,1307,1347,8535,8556],
[0,31,1004,1005,1145,1802,1846,7984,8019],
[0,31,174,174,262,972,1011,8190,8223],
[0,32,229,230,368,2101,2155,9338,9396],
[0,45,462,462,546,1317,1371,8554,8617],
[0,31,312,313,395,2361,2414,9576,9611],
[0,31,979,980,1098,1801,1830,7995,8042],
[0,32,937,937,1001,1743,1801,7926,7947],
[0,32,876,876,957,2691,2736,9966,10022],
[0,32,796,796,862,1630,1674,8840,8882],
[0,30,512,512,609,1291,1332,8520,8565],
[0,30,1021,1021,1120,1859,1887,8020,8063],
[0,30,255,255,354,1093,1138,8294,8352],
[0,30,989,990,1075,1778,1794,8034,8066],
[0,31,766,766,865,2573,2585,9803,9827],
[0,30,729,730,815,1614,1637,8845,8870],
[0,31,418,418,487,1222,1266,8425,8454],
[0,57,1271,1273,1432,3530,3653,10857,10908],
[0,46,57,57,143,893,938,8102,8176],
[0,30,259,259,348,1075,1112,8271,8308],
[0,32,520,520,606,2317,2376,9539,9660],
[0,31,721,721,808,1536,1580,8763,8814],
[0,32,491,491,595,1274,1328,8489,8507],
[0,30,833,834,914,2676,2715,9888,9902],
[0,30,308,308,395,1120,1175,8343,8391],
[0,33,539,539,602,1353,1395,8564,8602],
[0,31,472,473,556,1304,1355,8569,8627],
[0,31,945,945,1016,1717,1744,7939,7970],
[0,30,681,681,752,1453,1483,8705,8756],
[0,31,201,202,287,2020,2056,9233,9285],
[0,32,162,162,233,2005,2038,9199,9231],
[0,31,383,383,430,2184,2263,9430,9443],
[0,31,862,862,937,2686,2720,9880,9919],
[0,49,704,706,865,2939,3063,10262,10314],
[0,31,111,111,197,1888,1911,9107,9142],
[0,31,318,318,404,1098,1145,8317,8360],
[0,32,848,848,931,1628,1675,8847,8892],
[0,42,891,891,974,2668,2734,9887,9904],
[0,31,591,591,677,2374,2415,9618,9658],
[0,31,780,780,869,1561,1605,8805,8831],
[0,31,486,487,628,1264,1299,8467,8491],
[0,30,977,977,102,1797,1842,9018,9060],
[0,30,574,575,657,1350,1369,8560,8593],
[0,48,389,389,495,2163,2205,9373,9414],
[0,47,113,113,220,1984,2011,9190,9210],
[0,30,643,643,749,2514,2542,9720,9759],
[0,32,1008,1008,93,1818,1862,9034,9063],
[0,30,469,470,588,1245,1278,8481,8506],
[0,32,724,725,843,1500,1560,8736,8751],
[0,44,211,212,328,1053,1081,8272,8283],
[0,31,357,357,440,1184,1249,8459,8488],
[0,31,612,612,695,2406,2443,9636,9671],
[0,46,48,49,132,1216,1353,8495,8550],
[0,48,861,862,942,2029,2168,9308,9324],
[0,31,234,234,318,1036,1087,8267,8294],
[0,49,519,519,606,2350,2402,9564,9605],
[0,30,452,455,523,1239,1296,8453,8469],
[0,61,342,342,425,1167,1211,8350,8365],
[0,45,617,617,702,2438,2487,9623,9654],
[0,30,987,987,71,1832,1873,9050,9092],
[0,29,145,146,224,989,1014,8189,8235],
[0,29,624,624,710,1446,1490,8662,8702],
[0,32,568,568,656,1425,1462,8645,8698],
[0,30,823,823,911,2626,2677,9829,9876],
[0,29,271,271,337,1072,1124,8275,8324],
[0,32,646,646,696,1440,1460,8622,8668],
[0,31,906,906,956,1735,1761,8926,8960],
[0,30,121,121,171,1963,1974,9166,9213],
[0,44,976,976,581,2680,2827,10010,10075],
[0,45,706,706,789,2410,2562,9740,9799],
[0,44,1549,1551,1707,3809,3970,11139,11201],
[0,30,577,578,661,2424,2470,9634,9681],
[0,31,779,779,865,2570,2604,9775,9806],
[0,31,196,199,267,943,986,8148,8215],
[0,46,1016,1019,1087,1855,1897,7984,8000],
[0,44,732,735,800,2494,2525,9682,9713],
[0,47,523,523,604,1336,1383,8546,8567],
[0,44,210,210,292,1074,1136,8307,8355],
[0,30,730,730,810,1594,1658,8827,8846],
[0,31,248,248,329,2110,2174,9343,9373],
[0,46,679,680,758,1489,1519,8670,8696],
[0,30,407,408,486,1257,1307,8467,8514],
[0,32,371,371,457,1158,1196,8358,8395],
[0,30,934,935,1011,2775,2809,9952,9989],
[0,45,151,151,235,1841,1972,9145,9191],
[0,46,424,424,507,2114,2255,9418,9456],
[0,29,743,744,884,1532,1559,8703,8746],
[0,29,897,897,1003,1704,1754,8907,8940],
[0,31,749,749,856,1544,1586,8764,8809],
[0,30,232,232,338,2020,2067,9221,9263],
[0,31,383,383,449,2228,2259,9452,9500],
[0,56,671,671,737,2516,2549,9740,9790],
[0,32,127,127,193,1972,2007,9196,9248],
[0,30,54,54,139,885,928,8155,8210],
[0,33,85,85,168,1912,1965,9182,9243]]