188.38
78.64
101.58
76.43
66.27
92.18
167.76
78.19
85.66
79.64
103.77
85.53
82.87
95.31
90.19
92.68
102.46
99.18
93.69
87.65
84.87
65.35
190.84
121.32
147.22
90.02
84.64
78.59
81.23
80.37
93.41
108.48
106.87
92.34
88.82
46.43
101.86
68.5
119.84
93.19
101.79
53.58
108.59
90.73
103.44
198.94
99.24
83.35
84.21
124.8
69.23
66.24
68.53
77.37
75.75
80.12
90.84
65.01
61.16
125.36
68.28
76.48
92.86
93.16
93.03
93.61
95.42
104.27
138.11
128.02
95.04
87.4
80.9
78.33
69.53
78
88.92
99.58
70.93
80.95
100.08
95.12
95.13
94.43
88.74
84.14
101.66
89.8
115.08
92.3
73.23
87.96
85.47
38.08
60.31
79.24
70.21
85.71
103.28
103.27
103.85
94.11
107.6
76.76
99.54
81.87
85.19
130.96
92.53
103.59
102.74
81.33
94.72
87.37
91.42
62.51
100.62
78.42
65.22
92.58
64.63
89.79
113.86
111.13
68.11
89.66
96.86
95.49
82.41
106.41
90.29
54.16
81.65
66.78
79.83
94.17
184.8
98.35
101.72
91.97
90.82
56.73
46.04
85.99
95.43
94.6
57.52
77.15
87.76
88.72
77.7
79.01
66.7
68.65
62.5
58.87
120.41
59.46
96.21
74.06
100.37
54.62
62.27
78.25