106.53
65.98
58.67
25.37
129.9
138
57.03
60.02
129.64
26.65
47.08
51.44
55.88
27.41
52.04
57.58
36.64
48.94
60.46
54.25
60.94
119.98
153.62
55.54
51.11
68.36
33.35
34.58
55.89
63.34
45.21
53.83
70.04
52.6
80.24
29.26
56.63
49.4
58.65
63.15
28.86
63.64
27.69
61.87
28.43
43.57
55.01
65.24
25.95
39.63
53.88
58.69
73.89
91.39
98.24
55.36
35.53
25.69
79.44
49.56
22.21
99.34
39.43
58.75
92.07
52.88
93.77
21.81
20.36
54.9
61.87
48.08
51.73
59.59
41.62
55.8
58.05
57.22
30.6
53.98
59.19
54.59
66.42
50.19
23.22
49.81
52.86
60.89
24.44
48.13
55.26
18.07
53.61
53.51
55.36
67.39
26.85
28.7
30.89
62.76
59.65
49.56
60.23
204.51
29.7
32.74
56.4
60.95
44.24
50.82
55.77
51.41
120.63
54.59
30.86
32.16
42.5
56.93
38.15
51.53
25.02
53.87
55.66
54.49
42.39
46.99
58.16
38.25
51.47
46.05
43.39
36.93
55.17
52.33
10.01
58.9
41.85
42.31
58.33
91.68
32.91
51.58
61.62
60.22
26.56
27.77
56.42
58.37
36.01
51.57
53.42
31.03
41.88
60.49
27.1
48.66
56.5
57.69
50.91
54.19
55.34
49.17
24.49
52.53
51.98
32.26
58.06
25.63
46.33
28.98
127.22
47.59
43.58
62.09
70.11
50.54
62.93
24.59
31.2
52.17
53.18
54.4
58.4
57.39
67.12
58.1
52.81
63.86
51.51
60.07
54.31
67.85
53.75
62.16
30.88
28.08
51.96
57.98
52.45
33.38
41.23
54.53
45.39
56.2
24.74
47.29
57.36
31.23
94.52
50.95
54.76
57.2
18.96
25.91
36.58
55.68
62.5
67.06
20.58
25.48
35.87
36.77
40.26
26.93
46.64